1,0
2,0
3,1
4,3
5,0
6,0
7,0
8,0
9,0
10,0
11,0
12,0
13,0
14,0
15,0
16,1
17,0
18,0
19,0
20,0
21,0
22,0
23,0
24,0
25,0
26,0
27,0
28,0
29,0
30,0
31,0
32,0
33,0
34,0
35,0
36,0
37,0
38,0
39,0
40,0
41,0
42,0
43,0
44,1
45,0
46,1
47,0
48,0
49,0
50,0
51,0
52,0
53,0
54,0
55,0
56,0
57,0
58,0
59,0
60,0
61,0
62,0
63,0
64,1
65,0
66,0
67,0
68,0
69,0
70,0
71,0
72,0
73,0
74,0
75,0
76,0
77,0
78,0
79,1
80,1
81,0
82,0
83,1
84,0
85,0
86,0
87,0
88,0
89,0
90,0
91,0
92,0
93,0
94,0
95,0
96,0
97,0
98,1
99,0
100,0
101,0
102,0
103,0
104,1
105,0
106,0
107,0
108,0
109,0
110,0
111,0
112,0
113,0
114,0
115,0
116,0
117,0
118,0
119,0
120,0
121,0
122,0
123,0
124,0
125,1
126,0
127,1
128,0
129,0
130,0
131,0
132,0
133,0
134,0
135,0
136,0
137,0
138,0
139,0
140,0
141,0
142,1
143,0
144,0
145,0
146,0
147,0
148,0
149,0
150,0
151,0
152,0
153,0
154,0
155,0
156,0
157,2
158,39
159,48
160,56
161,55
162,54
163,59
164,63
165,70
166,84
167,87
168,91
169,92
170,101
171,111
172,202
173,202
174,206
175,231
176,235
177,235
178,237
179,244
180,263
181,268
182,273
183,276
184,282
185,281
186,281
187,288
188,298
189,296
190,313
191,310
192,311
193,325
194,334
195,336
196,338
197,342
198,344
199,347
200,354
201,354
202,362
203,376
204,376
205,377
206,391
207,395
208,407
209,418
210,418
211,417
212,427
213,425
214,428
215,443
216,444
217,447
218,450
219,448
220,457
221,468
222,468
223,466
224,465
225,465
226,475
227,469
228,465
229,463
230,462
231,464
232,464
233,460
234,459
235,460
236,460
237,468
238,467
239,461
240,459
241,459
242,447
243,452
244,446
245,443
246,444
247,440
248,435
249,430
250,424
251,419
252,413
253,413
254,402
255,394
256,395
257,388
258,385
259,392
260,400
261,394
262,390
263,382
264,377
265,371
266,365
267,361
268,356
269,353
270,350
271,350
272,340
273,337
274,329
275,327
276,324
277,313
278,313
279,308
280,306
281,306
282,303
283,297
284,292
285,291
286,286
287,62
288,57
289,52
290,52
291,50
292,41
293,35
294,31
295,29
296,24
297,27
298,24
299,20
300,14
301,15
302,6
303,3
304,0
305,0
306,0
307,0
308,1
309,0
310,0
311,0
312,0
313,0
314,0
315,0
316,0
317,0
318,0
319,0
320,0
321,0
322,0
323,0
324,0
325,0
326,0
327,0
328,1
329,0
330,0
331,0
332,0
333,0
334,0
335,0
336,0
337,0
338,0
339,0
340,0
341,0
342,0
343,0
344,0
345,0
346,0
347,0
348,0
349,0
350,0
351,0
352,0
353,0
354,0
355,0
356,0
357,0
358,0
359,0
360,0
361,0
362,0
363,0
364,0
365,0
366,0
367,0
368,1
369,0
370,0
371,0
372,0
373,0
374,0
375,0
376,0
377,0
378,0
379,0
380,0
381,0
382,0
383,0
384,0
385,0
386,0
387,0
388,0
389,0
390,0
391,0
392,0
393,0
394,0
395,1
396,0
397,0
398,0
399,0
400,0
401,0
402,0
403,0
404,0
405,1
406,0
407,0
408,0
409,0
410,0
411,0
412,0
413,0
414,0
415,0
416,0
417,1
418,0
419,0
420,0
421,0
422,0
423,0
424,0
425,0
426,0
427,0
428,0
429,0
430,1
431,0
432,0
433,0
434,0
435,0
436,0
437,0
438,0
439,0
440,0
441,1
442,1
443,0
444,0
445,0
446,0
447,0
448,0
449,0
450,0
451,0
452,0
453,0
454,0
455,0
456,0
457,0
458,0
459,0
460,0
461,0
462,0
463,0
464,1
465,0
466,0
467,1
468,0
469,0
470,0
471,0
472,0
473,0
474,0
475,0
476,0
477,0
478,10
479,77
480,104
481,106
482,104
483,103
484,104
485,102
486,103
487,106
488,107
489,105
490,93
491,92
492,88
493,82
494,85
495,83
496,83
497,87
498,87
499,92
500,94
501,89
502,82
503,79
504,81
505,82
506,86
507,83
508,82
509,83
510,83
511,82
512,79
513,76
514,83
515,91
516,92
517,93
518,94
519,101
520,101
521,100
522,104
523,112
524,115
525,111
526,107
527,117
528,124
529,122
530,121
531,121
532,118
533,117
534,118
535,112
536,116
537,119
538,124
539,123
540,120
541,122
542,123
543,124
544,124
545,121
546,121
547,127
548,126
549,119
550,126
551,130
552,125
553,121
554,119
555,116
556,115
557,111
558,104
559,104
560,102
561,98
562,99
563,99
564,103
565,107
566,100
567,98
568,93
569,97
570,98
571,97
572,99
573,94
574,90
575,85
576,90
577,91
578,86
579,83
580,84
581,79
582,76
583,74
584,69
585,61
586,60
587,61
588,58
589,53
590,53
591,48
592,43
593,39
594,38
595,35
596,31
597,22
598,21
599,17
600,23
601,23
602,12
603,5
604,2
605,0
606,0
607,0
608,0
609,0
610,0
611,0
612,0
613,0
614,0
615,2
616,0
617,0
618,1
619,1
620,0
621,0
622,0
623,0
624,2
625,0
626,0
627,0
628,0
629,0
630,0
631,0
632,0
633,0
634,0
635,0
636,1
637,0
638,0
639,5
640,0
641,0
642,0
643,0
644,1
645,0
646,0
647,0
648,0
649,0
650,0
651,0
652,0
653,0
654,0
655,0
656,0
657,0
658,1
659,0
660,1
661,1
662,0
663,0
664,0
665,1
666,0
667,0
668,0
669,0
670,0
671,0
672,0
673,0
674,0
675,1
676,1
677,0
678,0
679,0
680,1
681,0
682,0
683,0
684,0
685,0
686,0
687,0
688,0
689,0
690,0
691,0
692,0
693,0
694,0
695,0
696,0
697,0
698,0
699,0
700,0
701,0
702,0
703,0
704,0
705,0
706,0
707,0
708,0
709,0
710,1
711,0
712,0
713,0
714,0
715,0
716,0
717,0
718,0
719,1
720,0
721,0
722,0
723,0
724,0
725,0
726,0
727,1
728,0
729,0
730,0
731,0
732,1
733,0
734,0
735,0
736,0
737,0
738,0
739,0
740,0
741,0
742,0
743,0
744,0
745,0
746,0
747,0
748,1
749,3
750,0
751,0
752,0
753,0
754,0
755,0
756,0
757,1
758,1
759,0
760,0
761,0
762,0
763,0
764,0
765,2
766,0
767,0
768,0
769,0
770,0
771,1
772,0
773,0
774,9
775,3
776,0
777,25
778,23
779,18
780,36
781,35
782,40
783,60
784,61
785,57
786,56
787,48
788,48
789,72
790,69
791,71
792,97
793,93
794,90
795,106
796,103
797,115
798,147
799,158
800,160
801,176
802,185
803,193
804,206
805,206
806,212
807,236
808,250
809,247
810,256
811,260
812,248
813,260
814,266
815,262
816,252
817,254
818,274
819,282
820,280
821,294
822,292
823,290
824,298
825,294
826,288
827,303
828,302
829,299
830,323
831,324
832,322
833,325
834,319
835,315
836,319
837,318
838,316
839,319
840,330
841,329
842,348
843,348
844,339
845,344
846,341
847,339
848,361
849,359
850,357
851,347
852,344
853,348
854,349
855,348
856,341
857,356
858,342
859,340
860,353
861,350
862,350
863,355
864,352
865,351
866,348
867,347
868,342
869,345
870,343
871,335
872,341
873,336
874,329
875,324
876,325
877,309
878,299
879,305
880,311
881,303
882,296
883,291
884,285
885,283
886,278
887,275
888,269
889,262
890,260
891,262
892,258
893,255
894,251
895,246
896,268
897,271
898,269
899,266
900,265
901,261
902,258
903,252
904,250
905,249
906,245
907,240
908,232
909,225
910,223
911,221
912,207
913,204
914,200
915,197
916,198
917,191
918,190
919,199
920,193
921,197
922,201
923,202
924,199
925,197
926,185
927,174
928,171
929,160
930,156
931,155
932,151
933,150
934,147
935,147
936,145
937,141
938,133
939,134
940,132
941,132
942,133
943,135
944,130
945,127
946,126
947,120
948,119
949,113
950,107
951,107
952,106
953,99
954,100
955,100
956,89
957,89
958,84
959,83
960,83
961,84
962,81
963,76
964,71
965,72
966,68
967,64
968,62
969,57
970,57
971,60
972,67
973,71
974,69
975,68
976,66
977,62
978,69
979,68
980,74
981,81
982,83
983,74
984,70
985,68
986,63
987,62
988,65
989,70
990,60
991,62
992,65
993,66
994,63
995,50
996,44
997,46
998,43
999,43
1000,42
1001,35
1002,39
1003,35
1004,45
1005,44
1006,42
1007,43
1008,44
1009,31
1010,24
1011,22
1012,15
1013,15
1014,12
1015,9
1016,9
1017,6
1018,3
1019,0
1020,1
1021,0
1022,0
1023,0
1024,0
1025,0
1026,0
1027,0
1028,0
1029,0
1030,0
1031,0
1032,0
1033,0
1034,0
1035,0
1036,0
1037,0
1038,1
1039,0
1040,0
1041,0
1042,0
1043,0
1044,0
1045,0
1046,0
1047,9
1048,12
1049,10
1050,16
1051,9
1052,5
1053,0
1054,1
1055,0
1056,0
1057,0
1058,0
1059,0
1060,1
1061,1
1062,0
1063,1
1064,1
1065,0
1066,2
1067,0
1068,1
1069,1
1070,0
1071,0
1072,0
1073,0
1074,0
1075,1
1076,1
1077,0
1078,1
1079,0
1080,0
1081,1
1082,0
1083,1
1084,1
1085,0
1086,0
1087,2
1088,1
1089,0
1090,0
1091,1
1092,0
1093,0
1094,0
1095,0
1096,0
1097,0
1098,0
1099,0
1100,0
1101,0
1102,1
1103,0
1104,1
1105,0
1106,0
1107,0
1108,0
1109,0
1110,0
1111,0
1112,0
1113,0
1114,0
1115,0
1116,0
1117,0
1118,0
1119,0
1120,0
1121,0
1122,0
1123,0
1124,0
1125,0
1126,0
1127,0
1128,0
1129,0
1130,0
1131,0
1132,0
1133,0
1134,1
1135,0
1136,0
1137,0
1138,0
1139,0
1140,0
1141,0
1142,0
1143,0
1144,0
1145,0
1146,0
1147,0
1148,0
1149,0
1150,0
1151,0
1152,0
1153,0
1154,0
1155,0
1156,0
1157,0
1158,0
1159,0
1160,0
1161,0
1162,0
1163,0
1164,0
1165,0
1166,0
1167,0
1168,0
1169,0
1170,0
1171,0
1172,0
1173,0
1174,0
1175,0
1176,0
1177,0
1178,0
1179,0
1180,0
1181,0
1182,0
1183,0
1184,0
1185,0
1186,2
1187,0
1188,0
1189,0
1190,0
1191,0
1192,0
1193,0
1194,0
1195,0
1196,0
1197,0
1198,1
1199,0
1200,0
1201,0
1202,0
1203,0
1204,0
1205,0
1206,0
1207,0
1208,0
1209,1
1210,0
1211,0
1212,0
1213,0
1214,0
1215,0
1216,0
1217,0
1218,0
1219,0
1220,0
1221,1
1222,0
1223,1
1224,0
1225,0
1226,0
1227,0
1228,0
1229,0
1230,1
1231,0
1232,0
1233,0
1234,0
1235,0
1236,0
1237,0
1238,0
1239,0
1240,1
1241,0
1242,0
1243,0
1244,0
1245,0
1246,0
1247,0
1248,0
1249,0
1250,0
1251,0
1252,1
1253,0
1254,0
1255,0
1256,0
1257,0
1258,0
1259,0
1260,0
1261,1
1262,0
1263,0
1264,0
1265,0
1266,0
1267,0
1268,0
1269,0
1270,0
1271,0
1272,0
1273,0
1274,0
1275,0
1276,0
1277,0
1278,0
1279,0
1280,0
1281,0
1282,0
1283,0
1284,0
1285,0
1286,0
1287,0
1288,0
1289,0
1290,0
1291,0
1292,0
1293,0
1294,0
1295,0
1296,0
1297,0
1298,0
1299,0
1300,0
1301,0
1302,0
1303,0
1304,0
1305,0
1306,0
1307,0
1308,0
1309,0
1310,0
1311,0
1312,0
1313,0
1314,0
1315,0
1316,0
1317,0
1318,0
1319,0
1320,0
1321,0
1322,0
1323,0
1324,0
1325,0
1326,0
1327,0
1328,0
1329,0
1330,0
1331,0
1332,0
1333,0
1334,0
1335,0
1336,0
1337,0
1338,0
1339,0
1340,0
1341,0
1342,0
1343,0
1344,0
1345,0
1346,0
1347,0
1348,0
1349,0
1350,0
1351,0
1352,0
1353,0
1354,0
1355,0
1356,0
1357,0
1358,0
1359,0
1360,0
1361,0
1362,0
1363,0
1364,0
1365,0
1366,0
1367,0
1368,0
1369,0
1370,0
1371,0
1372,0
1373,0
1374,0
1375,0
1376,0
1377,0
1378,0
1379,0
1380,0
1381,0
1382,0
1383,0
1384,0
1385,0
1386,0
1387,0
1388,0
1389,0
1390,0
1391,0
1392,0
1393,0
1394,0
1395,0
1396,0
1397,1
1398,0
1399,0
1400,0
1401,0
1402,0
1403,0
1404,0
1405,1
1406,0
1407,0
1408,0
1409,0
1410,0
1411,1
1412,0
1413,0
1414,0
1415,0
1416,0
1417,0
1418,0
1419,0
1420,0
1421,0
1422,0
1423,0
1424,0
1425,0
1426,1
1427,0
1428,0
1429,0
1430,0
1431,0
1432,1
1433,0
1434,0
1435,0
1436,0
1437,0
1438,0
1439,0
1440,0
1441,0
1442,0
1443,0
1444,0
1445,1
1446,0
1447,0
1448,0
1449,0
1450,0
1451,0
1452,0
1453,0
1454,0
1455,0
1456,0
1457,0
1458,0
1459,0
1460,0
1461,0
1462,0
1463,0
1464,0
1465,0
1466,0
1467,0
1468,0
1469,0
1470,0
1471,1
1472,0
1473,1
1474,0
1475,0
1476,0
1477,0
1478,0
1479,0
1480,0
1481,0
1482,0
1483,0
1484,0
1485,0
1486,0
1487,0
1488,0
1489,0
1490,0
1491,0
1492,0
1493,0
1494,0
1495,0
1496,1
1497,0
1498,0
1499,0
1500,0
1501,0
1502,0
1503,0
1504,0
1505,0
1506,0
1507,0
1508,0
1509,0
1510,0
1511,0
1512,0
1513,0
1514,0
1515,0
1516,0
1517,0
1518,0
1519,0
1520,0
1521,0
1522,0
1523,0
1524,0
1525,0
1526,0
1527,0
1528,0
1529,0
1530,0
1531,0
1532,0
1533,0
1534,0
1535,0
1536,0
1537,0
1538,0
1539,0
1540,0
1541,1
1542,0
1543,3
1544,18
1545,23
1546,28
1547,22
1548,21
1549,21
1550,22
1551,20
1552,19
1553,14
1554,10
1555,5
1556,5
1557,7
1558,1
1559,0
1560,1
1561,0
1562,0
1563,0
1564,0
1565,0
1566,0
1567,0
1568,1
1569,5
1570,2
1571,0
1572,2
1573,4
1574,6
1575,4
1576,3
1577,0
1578,0
1579,0
1580,1
1581,0
1582,0
1583,0
1584,0
1585,0
1586,0
1587,1
1588,0
1589,0
1590,0
1591,0
1592,0
1593,0
1594,0
1595,0
1596,0
1597,1
1598,0
1599,1
1600,0
1601,0
1602,0
1603,0
1604,0
1605,0
1606,0
1607,0
1608,0
1609,0
1610,0
1611,0
1612,0
1613,0
1614,0
1615,0
1616,0
1617,0
1618,0
1619,0
1620,1
1621,0
1622,0
1623,0
1624,0
1625,0
1626,0
1627,0
1628,0
1629,0
1630,0
1631,0
1632,0
1633,0
1634,0
1635,0
1636,0
1637,0
1638,0
1639,0
1640,0
1641,0
1642,1
1643,0
1644,0
1645,0
1646,0
1647,0
1648,0
1649,0
1650,1
1651,1
1652,0
1653,0
1654,0
1655,0
1656,4
1657,10
1658,19
1659,20
1660,27
1661,25
1662,42
1663,43
1664,42
1665,46
1666,46
1667,45
1668,49
1669,56
1670,56
1671,53
1672,57
1673,53
1674,56
1675,56
1676,57
1677,57
1678,67
1679,72
1680,76
1681,75
1682,80
1683,84
1684,85
1685,89
1686,91
1687,88
1688,92
1689,87
1690,87
1691,89
1692,101
1693,103
1694,105
1695,111
1696,105
1697,112
1698,113
1699,110
1700,110
1701,113
1702,113
1703,114
1704,114
1705,106
1706,110
1707,108
1708,107
1709,109
1710,103
1711,96
1712,96
1713,96
1714,95
1715,95
1716,95
1717,91
1718,86
1719,86
1720,91
1721,102
1722,101
1723,100
1724,98
1725,96
1726,98
1727,98
1728,91
1729,90
1730,84
1731,81
1732,81
1733,77
1734,78
1735,73
1736,72
1737,70
1738,63
1739,59
1740,60
1741,57
1742,53
1743,52
1744,51
1745,36
1746,23
1747,23
1748,23
1749,20
1750,20
1751,13
1752,9
1753,2
1754,2
1755,0
1756,3
1757,7
1758,2
1759,1
1760,0
1761,1
1762,0
1763,0
1764,0
1765,0
1766,11
1767,7
1768,1
1769,13
1770,11
1771,8
1772,18
1773,14
1774,5
1775,23
1776,22
1777,18
1778,31
1779,21
1780,32
1781,35
1782,26
1783,27
1784,19
1785,22
1786,44
1787,44
1788,36
1789,31
1790,19
1791,19
1792,32
1793,32
1794,16
1795,10
1796,20
1797,21
1798,15
1799,26
1800,19
1801,21
1802,32
1803,38
1804,38
1805,37
1806,38
1807,35
1808,36
1809,37
1810,40
1811,37
1812,38
1813,41
1814,45
1815,48
1816,46
1817,52
1818,55
1819,52
1820,50
1821,52
1822,54
1823,57
1824,67
1825,64
1826,66
1827,67
1828,59
1829,63
1830,59
1831,52
1832,50
1833,51
1834,53
1835,52
1836,43
1837,42
1838,40
1839,45
1840,40
1841,37
1842,29
1843,26
1844,26
1845,22
1846,21
1847,16
1848,14
1849,9
1850,6
1851,8
1852,2
1853,0
1854,0
1855,0
1856,1
1857,0
1858,0
1859,0
1860,11
1861,10
1862,0
1863,4
1864,0
1865,0
1866,4
1867,0
1868,0
1869,5
1870,2
1871,2
1872,2
1873,4
1874,0
1875,5
1876,4
1877,4
1878,7
1879,5
1880,3
1881,12
1882,8
1883,5
1884,4
1885,12
1886,13
1887,13
1888,3
1889,0
1890,0
1891,4
1892,0
1893,0
1894,0
1895,0
1896,58
1897,54
1898,42
1899,42
1900,40
1901,35
1902,34
1903,28
1904,28
1905,26
1906,25
1907,26
1908,15
1909,7
1910,7
1911,12
1912,10
1913,6
1914,3
1915,1
1916,0
1917,5
1918,6
1919,4
1920,5
1921,0
1922,2
1923,1
1924,1
1925,0
1926,0
1927,0
1928,0
1929,0
1930,0
1931,2
1932,3
1933,6
1934,5
1935,8
1936,6
1937,9
1938,7
1939,0
1940,0
1941,0
1942,0
1943,0
1944,0
1945,0
1946,0
1947,0
1948,0
1949,0
1950,0
1951,0
1952,0
1953,0
1954,0
1955,0
1956,1
1957,1
1958,0
1959,0
1960,0
1961,1
1962,0
1963,0
1964,0
1965,0
1966,0
1967,0
1968,0
1969,0
1970,1
1971,0
1972,0
1973,0
1974,0
1975,0
1976,0
1977,0
1978,0
1979,0
1980,0
1981,0
1982,0
1983,1
1984,0
1985,0
1986,0
1987,0
1988,0
1989,0
1990,0
1991,0
1992,0
1993,0
1994,0
1995,0
1996,0
1997,1
1998,0
1999,1
2000,0
2001,0
2002,0
2003,0
2004,0
2005,0
2006,0
2007,1
2008,0
2009,0
2010,1
2011,0
2012,0
2013,0
2014,0
2015,0
2016,0
2017,0
2018,0
2019,0
2020,0
2021,0
2022,0
2023,0
2024,0
2025,0
2026,0
2027,0
2028,0
2029,0
2030,0
2031,0
2032,0
2033,0
2034,0
2035,0
2036,0
2037,0
2038,0
2039,0
2040,0
2041,0
2042,1
2043,1
2044,0
2045,0
2046,0
2047,0
2048,0
2049,0
2050,0
2051,0
2052,2
2053,0
2054,0
2055,0
2056,0
2057,0
2058,0
2059,0
2060,0
2061,0
2062,0
2063,0
2064,0
2065,0
2066,0
2067,0
2068,0
2069,0
2070,0
2071,0
2072,0
2073,0
2074,0
2075,0
2076,0
2077,0
2078,0
2079,1
2080,0
2081,0
2082,0
2083,0
2084,0
2085,0
2086,0
2087,0
2088,1
2089,0
2090,0
2091,0
2092,0
2093,0
2094,0
2095,0
2096,0
2097,0
2098,0
2099,0
2100,0
2101,0
2102,2
2103,0
2104,1
2105,0
2106,0
2107,0
2108,0
2109,0
2110,0
2111,0
2112,0
2113,0
2114,0
2115,1
2116,0
2117,0
2118,0
2119,0
2120,0
2121,0
2122,1
2123,0
2124,0
2125,0
2126,0
2127,0
2128,0
2129,0
2130,0
2131,0
2132,0
2133,0
2134,0
2135,0
2136,0
2137,0
2138,0
2139,0
2140,0
2141,0
2142,0
2143,0
2144,0
2145,0
2146,0
2147,0
2148,0
2149,0
2150,0
2151,0
2152,0
2153,0
2154,0
2155,0
2156,0
2157,0
2158,0
2159,0
2160,0
2161,0
2162,0
2163,0
2164,0
2165,0
2166,0
2167,2
2168,0
2169,0
2170,0
2171,0
2172,0
2173,0
2174,0
2175,0
2176,0
2177,0
2178,0
2179,0
2180,0
2181,0
2182,0
2183,0
2184,0
2185,0
2186,0
2187,0
2188,0
2189,0
2190,0
2191,0
2192,0
2193,0
2194,0
2195,0
2196,0
2197,0
2198,0
2199,0
2200,0
2201,0
2202,0
2203,0
2204,0
2205,0
2206,0
2207,0
2208,0
2209,0
2210,0
2211,0
2212,0
2213,0
2214,0
2215,0
2216,0
2217,0
2218,0
2219,0
2220,0
2221,0
2222,0
2223,0
2224,0
2225,0
2226,0
2227,0
2228,1
2229,0
2230,0
2231,0
2232,0
2233,0
2234,0
2235,0
2236,1
2237,0
2238,0
2239,0
2240,0
2241,0
2242,0
2243,0
2244,0
2245,0
2246,0
2247,0
2248,0
2249,0
2250,0
2251,0
2252,0
2253,0
2254,0
2255,0
2256,0
2257,0
2258,0
2259,0
2260,1
2261,0
2262,0
2263,0
2264,1
2265,0
2266,0
2267,5
2268,7
2269,0
2270,0
2271,0
2272,0
2273,1
2274,0
2275,0
2276,0
2277,0
2278,0
2279,0
2280,0
2281,0
2282,1
2283,0
2284,0
2285,0
2286,0
2287,0
2288,0
2289,0
2290,0
2291,0
2292,0
2293,0
2294,0
2295,0
2296,0
2297,1
2298,0
2299,0
2300,0
2301,0
2302,0
2303,0
2304,0
2305,0
2306,0
2307,0
2308,0
2309,0
2310,1
2311,17
2312,52
2313,63
2314,69
2315,53
2316,73
2317,80
2318,98
2319,118
2320,132
2321,118
2322,107
2323,107
2324,111
2325,111
2326,115
2327,97
2328,84
2329,83
2330,83
2331,80
2332,78
2333,56
2334,42
2335,47
2336,48
2337,46
2338,42
2339,36
2340,30
2341,38
2342,47
2343,49
2344,40
2345,19
2346,13
2347,20
2348,21
2349,28
2350,30
2351,14
2352,8
2353,9
2354,8
2355,8
2356,2
2357,0
2358,0
2359,0
2360,0
2361,0
2362,0
2363,0
2364,0
2365,0
2366,0
2367,0
2368,0
2369,0
2370,0
2371,0
2372,0
2373,0
2374,0
2375,0
2376,0
2377,0
2378,0
2379,0
2380,0
2381,0
2382,0
2383,0
2384,0
2385,0
2386,0
2387,1
2388,0
2389,0
2390,2
2391,0
2392,0
2393,0
2394,0
2395,0
2396,0
2397,0
2398,0
2399,0
2400,0
2401,0
2402,0
2403,0
2404,0
2405,0
2406,0
2407,0
2408,0
2409,1
2410,0
2411,0
2412,0
2413,0
2414,0
2415,0
2416,0
2417,0
2418,0
2419,1
2420,0
2421,0
2422,0
2423,0
2424,0
2425,1
2426,0
2427,0
2428,0
2429,0
2430,0
2431,0
2432,0
2433,0
2434,0
2435,0
2436,0
2437,0
2438,0
2439,0
2440,0
2441,0
2442,1
2443,0
2444,0
2445,0
2446,0
2447,0
2448,0
2449,0
2450,0
2451,0
2452,0
2453,0
2454,0
2455,0
2456,0
2457,0
2458,0
2459,0
2460,0
2461,0
2462,0
2463,0
2464,0
2465,0
2466,0
2467,0
2468,1
2469,0
2470,0
2471,0
2472,0
2473,0
2474,0
2475,0
2476,0
2477,0
2478,0
2479,0
2480,0
2481,0
2482,0
2483,0
2484,1
2485,0
2486,0
2487,0
2488,1
2489,0
2490,0
2491,0
2492,0
2493,0
2494,1
2495,0
2496,0
2497,0
2498,0
2499,0
2500,0
2501,0
2502,0
2503,0
2504,0
2505,0
2506,0
2507,0
2508,2
2509,0
2510,0
2511,0
2512,0
2513,0
2514,0
2515,0
2516,0
2517,0
2518,0
2519,0
2520,0
2521,1
2522,0
2523,0
2524,0
2525,0
2526,0
2527,0
2528,2
2529,1
2530,3
2531,2
2532,7
2533,11
2534,13
2535,8
2536,6
2537,5
2538,8
2539,13
2540,20
2541,21
2542,17
2543,12
2544,12
2545,8
2546,6
2547,2
2548,0
2549,0
2550,1
2551,0
2552,1
2553,2
2554,5
2555,10
2556,12
2557,8
2558,8
2559,1
2560,8
2561,7
2562,3
2563,2
2564,3
2565,0
2566,0
2567,0
2568,0
2569,0
2570,0
2571,0
2572,1
2573,1
2574,1
2575,0
2576,0
2577,1
2578,0
2579,1
2580,1
2581,0
2582,2
2583,0
2584,0
2585,1
2586,0
2587,0
2588,0
2589,0
2590,0
2591,0
2592,0
2593,0
2594,0
2595,0
2596,0
2597,0
2598,0
2599,0
2600,0
2601,0
2602,0
2603,0
2604,0
2605,0
2606,0
2607,0
2608,0
2609,0
2610,0
2611,0
2612,0
2613,0
2614,0
2615,0
2616,0
2617,0
2618,0
2619,1
2620,0
2621,0
2622,0
2623,0
2624,0
2625,0
2626,0
2627,0
2628,0
2629,0
2630,0
2631,0
2632,0
2633,0
2634,0
2635,0
2636,0
2637,0
2638,0
2639,0
2640,0
2641,0
2642,0
2643,0
2644,0
2645,0
2646,0
2647,0
2648,0
2649,0
2650,0
2651,0
2652,1
2653,0
2654,0
2655,0
2656,0
2657,0
2658,0
2659,0
2660,0
2661,0
2662,0
2663,0
2664,0
2665,0
2666,0
2667,0
2668,0
2669,0
2670,0
2671,0
2672,0
2673,0
2674,0
2675,2
2676,4
2677,6
2678,11
2679,20
2680,27
2681,23
2682,25
2683,27
2684,29
2685,34
2686,39
2687,41
2688,51
2689,48
2690,49
2691,49
2692,49
2693,47
2694,44
2695,44
2696,44
2697,45
2698,45
2699,42
2700,39
2701,3
2702,0
2703,2
2704,0
2705,1
2706,0
2707,1
2708,0
2709,0
2710,1
2711,0
2712,0
2713,0
2714,0
2715,0
2716,0
2717,0
2718,0
2719,0
2720,0
2721,0
2722,0
2723,0
2724,0
2725,0
2726,0
2727,0
2728,0
2729,1
2730,0
2731,0
2732,0
2733,0
2734,0
2735,0
2736,0
2737,0
2738,0
2739,0
2740,0
2741,0
2742,1
2743,0
2744,0
2745,1
2746,0
2747,0
2748,0
2749,0
2750,0
2751,1
2752,0
2753,0
2754,0
2755,0
2756,0
2757,0
2758,0
2759,0
2760,0
2761,0
2762,0
2763,0
2764,0
2765,0
2766,0
2767,1
2768,0
2769,98
2770,94
2771,93
2772,91
2773,87
2774,85
2775,83
2776,81
2777,75
2778,85
2779,81
2780,81
2781,73
2782,67
2783,63
2784,60
2785,57
2786,58
2787,63
2788,57
2789,54
2790,49
2791,44
2792,39
2793,37
2794,37
2795,30
2796,27
2797,26
2798,25
2799,20
2800,19
2801,17
2802,14
2803,13
2804,11
2805,5
2806,2
2807,0
2808,0
2809,1
2810,3
2811,5
2812,0
2813,0
2814,1
2815,0
2816,0
2817,0
2818,0
2819,0
2820,0
2821,0
2822,0
2823,0
2824,0
2825,0
2826,0
2827,0
2828,0
2829,0
2830,0
2831,0
2832,0
2833,0
2834,0
2835,0
2836,0
2837,0
2838,0
2839,0
2840,0
2841,0
2842,0
2843,0
2844,0
2845,0
2846,0
2847,0
2848,0
2849,0
2850,0
2851,0
2852,0
2853,0
2854,0
2855,0
2856,0
2857,0
2858,0
2859,0
2860,0
2861,0
2862,1
2863,0
2864,0
2865,0
2866,1
2867,0
2868,1
2869,0
2870,1
2871,0
2872,0
2873,0
2874,0
2875,0
2876,0
2877,0
2878,0
2879,0
2880,0
2881,0
2882,0
2883,0
2884,0
2885,0
2886,0
2887,0
2888,0
2889,0
2890,0
2891,0
2892,0
2893,0
2894,0
2895,0
2896,0
2897,0
2898,0
2899,0
2900,0
2901,0
2902,0
2903,0
2904,0
2905,0
2906,0
2907,0
2908,0
2909,0
2910,0
2911,0
2912,0
2913,0
2914,1
2915,0
2916,0
2917,0
2918,0
2919,0
2920,0
2921,0
2922,0
2923,0
2924,0
2925,0
2926,0
2927,0
2928,0
2929,0
2930,0
2931,0
2932,0
2933,0
2934,0
2935,0
2936,0
2937,0
2938,0
2939,0
2940,0
2941,0
2942,0
2943,0
2944,0
2945,0
2946,0
2947,0
2948,0
2949,0
2950,0
2951,0
2952,1
2953,0
2954,0
2955,0
2956,0
2957,0
2958,0
2959,0
2960,0
2961,1
2962,0
2963,0
2964,0
2965,0
2966,1
2967,0
2968,0
2969,0
2970,0
2971,0
2972,0
2973,0
2974,0
2975,0
2976,0
2977,0
2978,1
2979,0
2980,0
2981,0
2982,0
2983,0
2984,0
2985,0
2986,0
2987,0
2988,0
2989,0
2990,0
2991,0
2992,0
2993,0
2994,0
2995,0
2996,0
2997,0
2998,0
2999,0
3000,0
3001,0
3002,0
3003,0
3004,0
3005,0
3006,0
3007,1
3008,1
3009,2
3010,0
3011,1
3012,1
3013,0
3014,0
3015,0
3016,1
3017,1
3018,0
3019,0
3020,0
3021,0
3022,0
3023,0
3024,0
3025,0
3026,0
3027,0
3028,0
3029,0
3030,0
3031,1
3032,0
3033,0
3034,0
3035,0
3036,0
3037,0
3038,0
3039,0
3040,0
3041,0
3042,0
3043,1
3044,0
3045,0
3046,0
3047,0
3048,0
3049,0
3050,0
3051,0
3052,1
3053,0
3054,0
3055,0
3056,0
3057,0
3058,0
3059,0
3060,0
3061,0
3062,0
3063,0
3064,0
3065,0
3066,0
3067,0
3068,0
3069,0
3070,0
3071,0
3072,0
3073,0
3074,0
3075,0
3076,1
3077,0
3078,0
3079,0
3080,0
3081,0
3082,0
3083,0
3084,0
3085,1
3086,1
3087,0
3088,0
3089,0
3090,0
3091,0
3092,0
3093,0
3094,0
3095,0
3096,0
3097,2
3098,0
3099,0
3100,1
3101,0
3102,0
3103,0
3104,0
3105,0
3106,0
3107,0
3108,0
3109,0
3110,1
3111,1
3112,0
3113,0
3114,0
3115,1
3116,0
3117,1
3118,0
3119,0
3120,0
3121,0
3122,1
3123,1
3124,0
3125,0
3126,0
3127,0
3128,0
3129,0
3130,0
3131,0
3132,0
3133,1
3134,0
3135,0
3136,0
3137,1
3138,0
3139,1
3140,0
3141,0
3142,0
3143,0
3144,0
3145,0
3146,0
3147,1
3148,0
3149,0
3150,0
3151,1
3152,2
3153,0
3154,0
3155,0
3156,1
3157,0
3158,0
3159,9
3160,7
3161,12
3162,11
3163,9
3164,2
3165,3
3166,2
3167,7
3168,6
3169,14
3170,13
3171,17
3172,18
3173,13
3174,11
3175,8
3176,7
3177,4
3178,0
3179,0
3180,1
3181,0
3182,0
3183,0
3184,0
3185,0
3186,0
3187,0
3188,0
3189,0
3190,1
3191,0
3192,0
3193,0
3194,0
3195,0
3196,0
3197,0
3198,0
3199,0
3200,1
3201,0
3202,0
3203,0
3204,0
3205,0
3206,0
3207,0
3208,0
3209,0
3210,0
3211,0
3212,0
3213,0
3214,0
3215,0
3216,0
3217,0
3218,0
3219,0
3220,0
3221,0
3222,0
3223,0
3224,1
3225,0
3226,0
3227,0
3228,0
3229,0
3230,0
3231,0
3232,1
3233,0
3234,0
3235,0
3236,0
3237,1
3238,1
3239,0
3240,0
3241,0
3242,0
3243,0
3244,0
3245,0
3246,1
3247,0
3248,0
3249,0
3250,0
3251,0
3252,0
3253,0
3254,1
3255,0
3256,0
3257,0
3258,0
3259,0
3260,1
3261,0
3262,0
3263,0
3264,0
3265,0
3266,0
3267,0
3268,0
3269,0
3270,0
3271,1
3272,0
3273,0
3274,0
3275,0
3276,2
3277,1
3278,0
3279,0
3280,0
3281,0
3282,0
3283,1
3284,0
3285,0
3286,0
3287,0
3288,0
3289,0
3290,0
3291,0
3292,0
3293,0
3294,0
3295,0
3296,1
3297,0
3298,0
3299,0
3300,0
3301,0
3302,0
3303,0
3304,0
3305,1
3306,0
3307,0
3308,0
3309,0
3310,1
3311,0
3312,0
3313,0
3314,0
3315,0
3316,1
3317,0
3318,0
3319,0
3320,0
3321,0
3322,0
3323,0
3324,0
3325,0
3326,0
3327,0
3328,0
3329,0
3330,1
3331,0
3332,0
3333,0
3334,0
3335,0
3336,0
3337,0
3338,0
3339,0
3340,0
3341,0
3342,0
3343,0
3344,0
3345,0
3346,0
3347,0
3348,0
3349,0
3350,0
3351,0
3352,0
3353,0
3354,0
3355,1
3356,1
3357,1
3358,0
3359,0
3360,0
3361,0
3362,0
3363,1
3364,0
3365,0
3366,0
3367,0
3368,0
3369,0
3370,0
3371,0
3372,0
3373,0
3374,0
3375,0
3376,0
3377,0
3378,0
3379,0
3380,0
3381,0
3382,0
3383,1
3384,2
3385,4
3386,1
3387,1
3388,0
3389,0
3390,0
3391,0
3392,0
3393,1
3394,0
3395,0
3396,0
3397,0
3398,0
3399,0
3400,0
3401,4
3402,9
3403,2
3404,0
3405,0
3406,0
3407,0
3408,0
3409,0
3410,0
3411,0
3412,0
3413,0
3414,0
3415,4
3416,5
3417,9
3418,10
3419,8
3420,0
3421,0
3422,0
3423,0
3424,7
3425,9
3426,9
3427,6
3428,2
3429,1
3430,2
3431,1
3432,0
3433,0
3434,0
3435,0
3436,0
3437,0
3438,0
3439,0
3440,0
3441,0
3442,0
3443,1
3444,0
3445,0
3446,0
3447,1
3448,1
3449,0
3450,1
3451,0
3452,0
3453,0
3454,0
3455,0
3456,0
3457,0
3458,0
3459,0
3460,0
3461,0
3462,0
3463,0
3464,0
3465,0
3466,0
3467,0
3468,0
3469,0
3470,0
3471,0
3472,0
3473,0
3474,0
3475,0
3476,0
3477,0
3478,1
3479,0
3480,0
3481,1
3482,0
3483,0
3484,0
3485,0
3486,0
3487,0
3488,0
3489,0
3490,0
3491,0
3492,0
3493,0
3494,0
3495,0
3496,0
3497,0
3498,0
3499,0
3500,0
3501,0
3502,0
3503,0
3504,0
3505,0
3506,0
3507,0
3508,0
3509,0
3510,0
3511,0
3512,0
3513,0
3514,0
3515,0
3516,0
3517,0
3518,0
3519,0
3520,0
3521,0
3522,0
3523,0
3524,0
3525,0
3526,1
3527,0
3528,0
3529,0
3530,0
3531,1
3532,0
3533,0
3534,0
3535,0
3536,0
3537,0
3538,1
3539,0
3540,0
3541,0
3542,0
3543,0
3544,0
3545,2
3546,0
3547,0
3548,0
3549,1
3550,0
3551,0
3552,0
3553,0
3554,0
3555,0
3556,0
3557,0
3558,0
3559,0
3560,0
3561,0
3562,0
3563,0
3564,0
3565,0
3566,0
3567,0
3568,0
3569,0
3570,0
3571,0
3572,0
3573,0
3574,0
3575,0
3576,0
3577,0
3578,1
3579,1
3580,0
3581,0
3582,4
3583,2
3584,5
3585,13
3586,8
3587,7
3588,5
3589,2
3590,0
3591,3
3592,4
3593,4
3594,4
3595,8
3596,11
3597,6
3598,8
3599,9
3600,7
3601,2
3602,2
3603,2
3604,0
3605,0
3606,0
3607,1
3608,0
3609,0
3610,0
3611,0
3612,0
3613,0
3614,1
3615,0
3616,0
3617,1
3618,0
3619,0
3620,1
3621,0
3622,0
3623,0
3624,2
3625,4
3626,6
3627,0
3628,0
3629,0
3630,0
3631,0
3632,0
3633,0
3634,1
3635,0
3636,0
3637,0
3638,0
3639,0
3640,0
3641,0
3642,0
3643,0
3644,0
3645,0
3646,0
3647,0
3648,0
3649,0
3650,1
3651,0
3652,0
3653,0
3654,0
3655,0
3656,0
3657,0
3658,0
3659,0
3660,0
3661,0
3662,0
3663,0
3664,0
3665,0
3666,0
3667,0
3668,0
3669,0
3670,0
3671,0
3672,0
3673,0
3674,0
3675,0
3676,0
3677,0
3678,0
3679,0
3680,0
3681,1
3682,0
3683,0
3684,0
3685,0
3686,1
3687,0
3688,0
3689,4
3690,0
3691,0
3692,0
3693,0
3694,0
3695,0
3696,2
3697,7
3698,7
3699,6
3700,0
3701,0
3702,0
3703,0
3704,0
3705,0
3706,0
3707,0
3708,0
3709,0
3710,0
3711,0
3712,1
3713,0
3714,0
3715,0
3716,0
3717,1
3718,1
3719,0
3720,0
3721,0
3722,0
3723,0
3724,0
3725,1
3726,0
3727,3
3728,1
3729,0
3730,0
3731,0
3732,0
3733,0
3734,0
3735,0
3736,0
3737,0
3738,0
3739,0
3740,0
3741,0
3742,0
3743,1
3744,0
3745,0
3746,0
3747,0
3748,1
3749,0
3750,0
3751,0
3752,1
3753,0
3754,0
3755,0
3756,1
3757,0
3758,0
3759,0
3760,0
3761,0
3762,0
3763,0
3764,0
3765,0
3766,0
3767,0
3768,0
3769,0
3770,0
3771,0
3772,0
3773,0
3774,0
3775,1
3776,0
3777,0
3778,0
3779,0
3780,0
3781,2
3782,0
3783,0
3784,0
3785,0
3786,0
3787,0
3788,1
3789,0
3790,0
3791,0
3792,0
3793,0
3794,0
3795,0
3796,0
3797,0
3798,0
3799,0
3800,0
3801,0
3802,0
3803,0
3804,0
3805,0
3806,0
3807,0
3808,0
3809,0
3810,0
3811,0
3812,0
3813,0
3814,0
3815,0
3816,0
3817,0
3818,0
3819,0
3820,0
3821,0
3822,0
3823,0
3824,0
3825,0
3826,0
3827,0
3828,0
3829,0
3830,0
3831,0
3832,0
3833,0
3834,0
3835,0
3836,0
3837,0
3838,0
3839,0
3840,0
3841,0
3842,0
3843,0
3844,0
3845,0
3846,0
3847,0
3848,0
3849,0
3850,0
3851,0
3852,0
3853,0
3854,0
3855,0
3856,0
3857,0
3858,0
3859,0
3860,0
3861,0
3862,0
3863,0
3864,0
3865,0
3866,0
3867,0
3868,0
3869,0
3870,0
3871,0
3872,0
3873,0
3874,5
3875,0
3876,0
3877,0
3878,0
3879,0
3880,0
3881,0
3882,0
3883,0
3884,0
3885,0
3886,0
3887,0
3888,1
3889,0
3890,0
3891,0
3892,0
3893,0
3894,1
3895,0
3896,0
3897,0
3898,0
3899,0
3900,0
3901,0
3902,0
3903,0
3904,1
3905,0
3906,0
3907,1
3908,0
3909,0
3910,0
3911,0
3912,0
3913,0
3914,0
3915,0
3916,0
3917,0
3918,0
3919,0
3920,0
3921,0
3922,0
3923,0
3924,0
3925,0
3926,0
3927,0
3928,0
3929,0
3930,0
3931,0
3932,0
3933,0
3934,0
3935,0
3936,0
3937,0
3938,0
3939,0
3940,0
3941,0
3942,0
3943,0
3944,1
3945,0
3946,0
3947,0
3948,0
3949,0
3950,0
3951,0
3952,0
3953,0
3954,0
3955,0
3956,0
3957,0
3958,0
3959,0
3960,0
3961,0
3962,0
3963,0
3964,0
3965,0
3966,0
3967,0
3968,0
3969,0
3970,0
3971,0
3972,0
3973,0
3974,0
3975,0
3976,0
3977,1
3978,1
3979,0
3980,0
3981,0
3982,0
3983,0
3984,0
3985,0
3986,0
3987,4
3988,0
3989,0
3990,0
3991,0
3992,0
3993,0
3994,0
3995,0
3996,0
3997,0
3998,0
3999,0
4000,0
4001,0
4002,0
4003,0
4004,0
4005,0
4006,0
4007,0
4008,0
4009,0
4010,0
4011,1
4012,0
4013,0
4014,0
4015,0
4016,0
4017,1
4018,0
4019,0
4020,0
4021,0
4022,0
4023,0
4024,0
4025,0
4026,0
4027,0
4028,0
4029,0
4030,0
4031,0
4032,0
4033,0
4034,0
4035,0
4036,0
4037,0
4038,0
4039,0
4040,0
4041,0
4042,0
4043,0
4044,0
4045,0
4046,0
4047,0
4048,0
4049,0
4050,0
4051,0
4052,0
4053,0
4054,0
4055,0
4056,0
4057,0
4058,0
4059,0
4060,0
4061,1
4062,0
4063,0
4064,0
4065,0
4066,0
4067,0
4068,0
4069,0
4070,0
4071,0
4072,0
4073,0
4074,0
4075,1
4076,0
4077,1
4078,0
4079,0
4080,0
4081,0
4082,0
4083,0
4084,1
4085,0
4086,1
4087,0
4088,0
4089,0
4090,1
4091,0
4092,0
4093,0
4094,1
4095,0
4096,1
4097,0
4098,0
4099,0
4100,0
4101,0
4102,0
4103,0
4104,1
4105,0
4106,1
4107,0
4108,0
4109,0
4110,0
4111,0
4112,2
4113,0
4114,0
4115,0
4116,0
4117,1
4118,0
4119,1
4120,0
4121,0
4122,0
4123,0
4124,1
4125,0
4126,0
4127,0
4128,1
4129,1
4130,0
4131,5
4132,6
4133,2
4134,0
4135,1
4136,0
4137,1
4138,0
4139,0
4140,2
4141,0
4142,0
4143,0
4144,0
4145,0
4146,32
4147,37
4148,35
4149,35
4150,38
4151,40
4152,33
4153,30
4154,25
4155,18
4156,19
4157,9
4158,7
4159,3
4160,1
4161,0
4162,5
4163,28
4164,30
4165,31
4166,29
4167,33
4168,36
4169,37
4170,33
4171,33
4172,33
4173,26
4174,24
4175,23
4176,19
4177,15
4178,9
4179,8
4180,6
4181,11
4182,9
4183,10
4184,9
4185,7
4186,0
4187,0
4188,0
4189,0
4190,0
4191,0
4192,0
4193,0
4194,0
4195,0
4196,0
4197,0
4198,0
4199,0
4200,0
4201,0
4202,0
4203,0
4204,0
4205,0
4206,0
4207,0
4208,0
4209,1
4210,0
4211,2
4212,0
4213,0
4214,0
4215,0
4216,0
4217,0
4218,0
4219,0
4220,0
4221,0
4222,0
4223,0
4224,0
4225,0
4226,0
4227,0
4228,0
4229,0
4230,0
4231,0
4232,0
4233,0
4234,0
4235,0
4236,0
4237,0
4238,0
4239,0
4240,1
4241,0
4242,0
4243,1
4244,0
4245,0
4246,0
4247,0
4248,0
4249,0
4250,0
4251,0
4252,1
4253,0
4254,0
4255,0
4256,0
4257,0
4258,1
4259,0
4260,0
4261,0
4262,0
4263,0
4264,0
4265,0
4266,0
4267,0
4268,0
4269,0
4270,0
4271,0
4272,0
4273,0
4274,0
4275,0
4276,0
4277,0
4278,0
4279,0
4280,0
4281,1
4282,0
4283,0
4284,0
4285,0
4286,1
4287,2
4288,4
4289,1
4290,3
4291,0
4292,1
4293,1
4294,2
4295,4
4296,0
4297,4
4298,5
4299,10
4300,7
4301,1
4302,0
4303,14
4304,14
4305,24
4306,35
4307,43
4308,43
4309,37
4310,43
4311,45
4312,44
4313,42
4314,40
4315,39
4316,37
4317,45
4318,51
4319,52
4320,45
4321,44
4322,45
4323,41
4324,37
4325,39
4326,44
4327,45
4328,42
4329,42
4330,43
4331,37
4332,38
4333,37
4334,36
4335,35
4336,32
4337,27
4338,30
4339,26
4340,24
4341,23
4342,18
4343,17
4344,15
4345,13
4346,12
4347,11
4348,10
4349,12
4350,11
4351,9
4352,8
4353,0
4354,0
4355,0
4356,0
4357,0
4358,0
4359,0
4360,0
4361,0
4362,0
4363,0
4364,0
4365,0
4366,0
4367,0
4368,0
4369,0
4370,1
4371,0
4372,0
4373,0
4374,0
4375,0
4376,0
4377,0
4378,0
4379,0
4380,0
4381,0
4382,0
4383,0
4384,4
4385,15
4386,16
4387,17
4388,14
4389,4
4390,15
4391,28
4392,51
4393,60
4394,53
4395,49
4396,49
4397,47
4398,43
4399,33
4400,30
4401,28
4402,38
4403,42
4404,44
4405,39
4406,37
4407,39
4408,26
4409,35
4410,32
4411,27
4412,38
4413,42
4414,48
4415,62
4416,53
4417,50
4418,48
4419,62
4420,63
4421,61
4422,63
4423,60
4424,68
4425,74
4426,96
4427,96
4428,99
4429,96
4430,94
4431,97
4432,121
4433,120
4434,134
4435,147
4436,150
4437,151
4438,154
4439,174
4440,172
4441,177
4442,179
4443,182
4444,181
4445,183
4446,197
4447,198
4448,201
4449,197
4450,196
4451,196
4452,193
4453,193
4454,194
4455,210
4456,204
4457,208
4458,206
4459,203
4460,200
4461,197
4462,197
4463,194
4464,193
4465,194
4466,195
4467,192
4468,197
4469,199
4470,200
4471,200
4472,191
4473,191
4474,189
4475,189
4476,190
4477,193
4478,194
4479,192
4480,190
4481,190
4482,188
4483,182
4484,181
4485,183
4486,181
4487,180
4488,180
4489,181
4490,176
4491,174
4492,174
4493,172
4494,169
4495,167
4496,165
4497,164
4498,163
4499,160
4500,158
4501,158
4502,154
4503,153
4504,149
4505,149
4506,143
4507,140
4508,138
4509,133
4510,129
4511,129
4512,130
4513,131
4514,128
4515,129
4516,128
4517,127
4518,125
4519,125
4520,120
4521,114
4522,112
4523,113
4524,116
4525,112
4526,110
4527,113
4528,117
4529,115
4530,115
4531,123
4532,118
4533,115
4534,117
4535,118
4536,115
4537,114
4538,112
4539,109
4540,110
4541,114
4542,112
4543,127
4544,131
4545,138
4546,149
4547,162
4548,157
4549,159
4550,158
4551,165
4552,167
4553,164
4554,170
4555,171
4556,167
4557,172
4558,170
4559,174
4560,170
4561,168
4562,170
4563,177
4564,180
4565,171
4566,172
4567,172
4568,182
4569,187
4570,197
4571,195
4572,195
4573,191
4574,193
4575,203
4576,201
4577,199
4578,189
4579,192
4580,194
4581,197
4582,202
4583,202
4584,202
4585,202
4586,195
4587,186
4588,183
4589,179
4590,181
4591,194
4592,198
4593,201
4594,204
4595,203
4596,195
4597,198
4598,202
4599,197
4600,185
4601,195
4602,203
4603,205
4604,204
4605,202
4606,206
4607,200
4608,198
4609,193
4610,199
4611,205
4612,200
4613,204
4614,200
4615,201
4616,195
4617,193
4618,191
4619,186
4620,183
4621,185
4622,187
4623,187
4624,183
4625,179
4626,181
4627,177
4628,171
4629,168
4630,163
4631,161
4632,158
4633,155
4634,152
4635,147
4636,146
4637,146
4638,142
4639,135
4640,134
4641,133
4642,130
4643,129
4644,127
4645,124
4646,123
4647,119
4648,122
4649,120
4650,114
4651,107
4652,105
4653,107
4654,106
4655,102
4656,98
4657,91
4658,86
4659,83
4660,81
4661,73
4662,69
4663,63
4664,60
4665,58
4666,55
4667,52
4668,45
4669,41
4670,36
4671,37
4672,34
4673,27
4674,15
4675,13
4676,10
4677,6
4678,0
4679,0
4680,0
4681,0
4682,0
4683,0
4684,0
4685,0
4686,0
4687,0
4688,0
4689,0
4690,0
4691,0
4692,0
4693,0
4694,0
4695,0
4696,0
4697,0
4698,0
4699,0
4700,0
4701,0
4702,0
4703,0
4704,0
4705,0
4706,0
4707,1
4708,0
4709,3
4710,0
4711,0
4712,0
4713,0
4714,0
4715,0
4716,0
4717,0
4718,0
4719,0
4720,0
4721,0
4722,1
4723,0
4724,0
4725,0
4726,0
4727,0
4728,0
4729,1
4730,0
4731,0
4732,0
4733,0
4734,0
4735,0
4736,0
4737,0
4738,0
4739,0
4740,0
4741,0
4742,0
4743,0
4744,0
4745,0
4746,0
4747,0
4748,0
4749,0
4750,0
4751,0
4752,0
4753,1
4754,0
4755,0
4756,1
4757,0
4758,1
4759,0
4760,0
4761,0
4762,0
4763,0
4764,0
4765,0
4766,0
4767,0
4768,0
4769,0
4770,0
4771,0
4772,0
4773,0
4774,0
4775,0
4776,0
4777,0
4778,0
4779,0
4780,1
4781,0
4782,0
4783,0
4784,0
4785,0
4786,0
4787,0
4788,0
4789,0
4790,0
4791,0
4792,0
4793,0
4794,0
4795,0
4796,0
4797,0
4798,0
4799,0
4800,0
4801,0
4802,0
4803,0
4804,0
4805,0
4806,0
4807,0
4808,0
4809,0
4810,0
4811,0
4812,0
4813,0
4814,0
4815,0
4816,0
4817,0
4818,0
4819,0
4820,0
4821,0
4822,0
4823,0
4824,0
4825,0
4826,0
4827,0
4828,0
4829,0
4830,0
4831,0
4832,0
4833,0
4834,0
4835,0
4836,0
4837,1
4838,0
4839,0
4840,0
4841,0
4842,0
4843,0
4844,0
4845,0
4846,0
4847,0
4848,0
4849,0
4850,1
4851,0
4852,0
4853,0
4854,0
4855,0
4856,0
4857,0
4858,0
4859,0
4860,0
4861,0
4862,0
4863,0
4864,0
4865,0
4866,0
4867,0
4868,0
4869,0
4870,0
4871,0
4872,0
4873,0
4874,0
4875,0
4876,1
4877,0
4878,0
4879,0
4880,1
4881,0
4882,0
4883,1
4884,0
4885,0
4886,0
4887,1
4888,0
4889,0
4890,0
4891,0
4892,0
4893,0
4894,0
4895,0
4896,0
4897,0
4898,0
4899,0
4900,0
4901,0
4902,0
4903,0
4904,1
4905,0
4906,0
4907,0
4908,0
4909,0
4910,0
4911,0
4912,0
4913,0
4914,0
4915,0
4916,0
4917,0
4918,0
4919,0
4920,0
4921,0
4922,0
4923,0
4924,0
4925,0
4926,0
4927,0
4928,0
4929,0
4930,0
4931,0
4932,0
4933,0
4934,0
4935,0
4936,0
4937,0
4938,0
4939,2
4940,0
4941,0
4942,0
4943,0
4944,0
4945,0
4946,0
4947,0
4948,0
4949,0
4950,0
4951,0
4952,0
4953,0
4954,0
4955,0
4956,0
4957,0
4958,0
4959,0
4960,0
4961,0
4962,0
4963,0
4964,0
4965,0
4966,0
4967,0
4968,1
4969,0
4970,0
4971,0
4972,0
4973,0
4974,0
4975,0
4976,0
4977,0
4978,0
4979,0
4980,0
4981,0
4982,0
4983,0
4984,0
4985,0
4986,0
4987,0
4988,0
4989,0
4990,0
4991,0
4992,0
4993,0
4994,0
4995,1
4996,0
4997,0
4998,0
4999,0
5000,1
5001,0
5002,2
5003,0
5004,0
5005,0
5006,0
5007,1
5008,0
5009,1
5010,1
5011,0
5012,0
5013,0
5014,0
5015,0
5016,0
5017,0
5018,0
5019,0
5020,0
5021,0
5022,0
5023,0
5024,0
5025,0
5026,0
5027,0
5028,2
5029,0
5030,0
5031,1
5032,0
5033,0
5034,0
5035,0
5036,0
5037,0
5038,0
5039,0
5040,1
5041,0
5042,0
5043,0
5044,1
5045,0
5046,0
5047,0
5048,0
5049,0
5050,0
5051,0
5052,0
5053,0
5054,0
5055,0
5056,0
5057,0
5058,0
5059,0
5060,0
5061,0
5062,0
5063,0
5064,0
5065,0
5066,0
5067,0
5068,0
5069,0
5070,0
5071,0
5072,0
5073,3
5074,0
5075,0
5076,0
5077,0
5078,0
5079,0
5080,0
5081,0
5082,0
5083,0
5084,0
5085,0
5086,0
5087,0
5088,0
5089,0
5090,0
5091,0
5092,0
5093,0
5094,0
5095,1
5096,0
5097,0
5098,0
5099,0
5100,0
5101,0
5102,0
5103,0
5104,0
5105,0
5106,0
5107,0
5108,1
5109,0
5110,0
5111,0
5112,0
5113,0
5114,0
5115,0
5116,0
5117,0
5118,0
5119,0
5120,0
5121,1
5122,0
5123,0
5124,0
5125,0
5126,0
5127,0
5128,0
5129,0
5130,0
5131,0
5132,0
5133,0
5134,0
5135,0
5136,0
5137,0
5138,0
5139,2
5140,0
5141,0
5142,0
5143,1
5144,0
5145,1
5146,0
5147,0
5148,0
5149,1
5150,0
5151,0
5152,0
5153,0
5154,0
5155,0
5156,0
5157,0
5158,0
5159,0
5160,0
5161,0
5162,0
5163,0
5164,0
5165,0
5166,0
5167,1
5168,0
5169,0
5170,0
5171,0
5172,0
5173,0
5174,0
5175,0
5176,0
5177,0
5178,0
5179,0
5180,3
5181,0
5182,0
5183,0
5184,0
5185,0
5186,0
5187,0
5188,0
5189,0
5190,0
5191,0
5192,0
5193,0
5194,0
5195,0
5196,0
5197,0
5198,0
5199,2
5200,0
5201,0
5202,0
5203,0
5204,0
5205,0
5206,0
5207,0
5208,0
5209,0
5210,0
5211,0
5212,0
5213,0
5214,0
5215,0
5216,0
5217,0
5218,0
5219,0
5220,0
5221,0
5222,0
5223,0
5224,0
5225,0
5226,0
5227,0
5228,0
5229,0
5230,0
5231,1
5232,0
5233,0
5234,0
5235,0
5236,0
5237,0
5238,0
5239,0
5240,0
5241,0
5242,0
5243,0
5244,0
5245,0
5246,0
5247,0
5248,0
5249,0
5250,0
5251,0
5252,0
5253,0
5254,0
5255,0
5256,0
5257,0
5258,0
5259,0
5260,0
5261,0
5262,0
5263,0
5264,0
5265,0
5266,0
5267,0
5268,1
5269,0
5270,0
5271,0
5272,0
5273,0
5274,0
5275,1
5276,0
5277,0
5278,0
5279,0
5280,0
5281,0
5282,0
5283,0
5284,0
5285,0
5286,0
5287,0
5288,1
5289,0
5290,0
5291,0
5292,0
5293,0
5294,1
5295,0
5296,0
5297,0
5298,0
5299,0
5300,0
5301,0
5302,0
5303,0
5304,1
5305,0
5306,0
5307,0
5308,0
5309,1
5310,0
5311,0
5312,0
5313,0
5314,0
5315,0
5316,0
5317,1
5318,0
5319,0
5320,0
5321,0
5322,0
5323,0
5324,0
5325,0
5326,0
5327,0
5328,0
5329,0
5330,0
5331,0
5332,0
5333,0
5334,0
5335,0
5336,1
5337,0
5338,0
5339,0
5340,0
5341,0
5342,0
5343,0
5344,0
5345,0
5346,0
5347,0
5348,0
5349,0
5350,0
5351,0
5352,0
5353,0
5354,0
5355,0
5356,1
5357,0
5358,0
5359,0
5360,1
5361,0
5362,0
5363,0
5364,0
5365,0
5366,0
5367,0
5368,0
5369,0
5370,0
5371,0
5372,0
5373,0
5374,0
5375,0
5376,0
5377,0
5378,0
5379,0
5380,0
5381,0
5382,0
5383,0
5384,0
5385,0
5386,0
5387,0
5388,0
5389,0
5390,0
5391,0
5392,0
5393,0
5394,0
5395,0
5396,0
5397,0
5398,0
5399,0
5400,0
5401,0
5402,0
5403,0
5404,0
5405,0
5406,0
5407,0
5408,0
5409,0
5410,0
5411,0
5412,0
5413,0
5414,0
5415,0
5416,0
5417,0
5418,0
5419,0
5420,0
5421,0
5422,0
5423,1
5424,0
5425,0
5426,0
5427,0
5428,0
5429,0
5430,0
5431,0
5432,1
5433,0
5434,0
5435,0
5436,0
5437,11
5438,10
5439,17
5440,17
5441,14
5442,14
5443,11
5444,16
5445,15
5446,14
5447,11
5448,14
5449,18
5450,9
5451,16
5452,16
5453,25
5454,20
5455,17
5456,15
5457,18
5458,22
5459,38
5460,47
5461,41
5462,51
5463,45
5464,45
5465,51
5466,59
5467,61
5468,57
5469,51
5470,44
5471,42
5472,42
5473,51
5474,48
5475,43
5476,35
5477,37
5478,38
5479,36
5480,32
5481,32
5482,27
5483,27
5484,21
5485,16
5486,17
5487,17
5488,13
5489,10
5490,6
5491,2
5492,1
5493,0
5494,9
5495,12
5496,12
5497,5
5498,4
5499,0
5500,0
5501,0
5502,0
5503,0
5504,0
5505,0
5506,0
5507,0
5508,0
5509,0
5510,0
5511,0
5512,0
5513,0
5514,0
5515,0
5516,1
5517,0
5518,0
5519,0
5520,0
5521,0
5522,0
5523,0
5524,1
5525,0
5526,0
5527,0
5528,0
5529,0
5530,1
5531,0
5532,0
5533,1
5534,0
5535,0
5536,0
5537,0
5538,0
5539,0
5540,0
5541,0
5542,0
5543,0
5544,0
5545,0
5546,0
5547,0
5548,0
5549,0
5550,1
5551,0
5552,0
5553,0
5554,0
5555,0
5556,0
5557,0
5558,0
5559,0
5560,0
5561,0
5562,0
5563,0
5564,0
5565,1
5566,0
5567,1
5568,0
5569,0
5570,1
5571,0
5572,0
5573,0
5574,0
5575,0
5576,0
5577,1
5578,0
5579,0
5580,0
5581,0
5582,0
5583,0
5584,0
5585,1
5586,0
5587,0
5588,0
5589,0
5590,0
5591,0
5592,0
5593,0
5594,0
5595,0
5596,0
5597,0
5598,1
5599,1
5600,0
5601,0
5602,0
5603,0
5604,0
5605,0
5606,0
5607,0
5608,0
5609,0
5610,0
5611,0
5612,0
5613,0
5614,0
5615,0
5616,0
5617,0
5618,0
5619,0
5620,0
5621,0
5622,0
5623,0
5624,0
5625,0
5626,0
5627,0
5628,0
5629,0
5630,0
5631,0
5632,0
5633,0
5634,0
5635,0
5636,0
5637,0
5638,0
5639,0
5640,0
5641,0
5642,0
5643,0
5644,0
5645,0
5646,0
5647,0
5648,0
5649,0
5650,0
5651,0
5652,0
5653,0
5654,0
5655,0
5656,0
5657,0
5658,0
5659,0
5660,0
5661,0
5662,0
5663,0
5664,0
5665,0
5666,0
5667,0
5668,0
5669,0
5670,0
5671,0
5672,0
5673,0
5674,0
5675,1
5676,0
5677,0
5678,0
5679,0
5680,0
5681,0
5682,0
5683,0
5684,0
5685,0
5686,0
5687,0
5688,0
5689,0
5690,0
5691,0
5692,0
5693,0
5694,0
5695,0
5696,0
5697,0
5698,0
5699,0
5700,0
5701,0
5702,0
5703,0
5704,0
5705,0
5706,0
5707,0
5708,0
5709,0
5710,0
5711,0
5712,0
5713,0
5714,0
5715,0
5716,0
5717,0
5718,0
5719,0
5720,0
5721,0
5722,0
5723,0
5724,0
5725,0
5726,0
5727,0
5728,0
5729,0
5730,0
5731,0
5732,0
5733,1
5734,0
5735,0
5736,0
5737,1
5738,0
5739,0
5740,0
5741,0
5742,0
5743,0
5744,0
5745,0
5746,0
5747,0
5748,0
5749,0
5750,0
5751,0
5752,1
5753,0
5754,0
5755,0
5756,0
5757,0
5758,0
5759,0
5760,0
5761,0
5762,0
5763,0
5764,0
5765,0
5766,0
5767,0
5768,0
5769,0
5770,1
5771,0
5772,0
5773,0
5774,0
5775,0
5776,0
5777,0
5778,0
5779,0
5780,0
5781,0
5782,0
5783,0
5784,0
5785,0
5786,0
5787,0
5788,0
5789,0
5790,0
5791,0
5792,0
5793,0
5794,0
5795,0
5796,0
5797,0
5798,0
5799,0
5800,0
5801,0
5802,1
5803,0
5804,0
5805,0
5806,0
5807,0
5808,0
5809,0
5810,0
5811,0
5812,0
5813,0
5814,0
5815,0
5816,0
5817,0
5818,0
5819,0
5820,0
5821,0
5822,0
5823,0
5824,0
5825,0
5826,0
5827,0
5828,0
5829,0
5830,0
5831,0
5832,0
5833,0
5834,0
5835,0
5836,0
5837,0
5838,0
5839,0
5840,0
5841,0
5842,0
5843,0
5844,0
5845,0
5846,0
5847,0
5848,0
5849,0
5850,0
5851,0
5852,0
5853,0
5854,0
5855,0
5856,0
5857,0
5858,0
5859,0
5860,0
5861,1
5862,0
5863,0
5864,2
5865,0
5866,0
5867,3
5868,10
5869,7
5870,6
5871,11
5872,23
5873,16
5874,10
5875,14
5876,12
5877,10
5878,8
5879,12
5880,15
5881,13
5882,12
5883,9
5884,5
5885,2
5886,0
5887,0
5888,0
5889,0
5890,0
5891,0
5892,0
5893,0
5894,0
5895,0
5896,0
5897,0
5898,0
5899,0
5900,0
5901,681
5902,684
5903,696
5904,703
5905,705
5906,701
5907,702
5908,702
5909,702
5910,698
5911,698
5912,691
5913,690
5914,691
5915,687
5916,685
5917,686
5918,685
5919,681
5920,678
5921,676
5922,669
5923,671
5924,681
5925,680
5926,689
5927,689
5928,700
5929,702
5930,713
5931,716
5932,726
5933,725
5934,740
5935,746
5936,754
5937,766
5938,767
5939,774
5940,777
5941,787
5942,791
5943,802
5944,810
5945,820
5946,832
5947,831
5948,848
5949,843
5950,844
5951,843
5952,843
5953,837
5954,834
5955,835
5956,839
5957,844
5958,845
5959,854
5960,854
5961,853
5962,854
5963,849
5964,844
5965,845
5966,841
5967,841
5968,843
5969,844
5970,843
5971,844
5972,837
5973,836
5974,839
5975,842
5976,839
5977,837
5978,837
5979,839
5980,842
5981,844
5982,849
5983,853
5984,867
5985,880
5986,934
5987,966
5988,964
5989,1014
5990,1007
5991,1032
5992,1033
5993,1048
5994,1074
5995,1081
5996,1109
5997,1114
5998,1108
5999,1109
6000,1109
6001,1108
6002,1111
6003,1118
6004,1117
6005,1112
6006,1121
6007,1118
6008,1118
6009,1119
6010,1123
6011,1123
6012,1122
6013,1126
6014,1126
6015,1126
6016,1121
6017,1122
6018,1122
6019,1119
6020,1120
6021,1116
6022,1117
6023,1117
6024,1115
6025,1111
6026,1105
6027,1105
6028,1103
6029,1101
6030,1100
6031,1100
6032,1096
6033,1096
6034,1094
6035,1094
6036,1093
6037,1089
6038,1090
6039,1085
6040,1086
6041,1082
6042,1079
6043,1076
6044,1084
6045,1085
6046,1081
6047,1080
6048,1075
6049,1075
6050,1072
6051,1080
6052,1076
6053,1075
6054,1074
6055,1070
6056,1067
6057,1063
6058,1062
6059,1061
6060,1060
6061,1060
6062,1062
6063,1059
6064,1058
6065,1054
6066,1054
6067,1050
6068,1046
6069,1042
6070,1041
6071,1039
6072,1034
6073,1032
6074,1029
6075,1025
6076,1024
6077,1022
6078,1016
6079,1012
6080,1009
6081,1008
6082,1015
6083,1013
6084,1013
6085,1008
6086,1001
6087,999
6088,999
6089,1002
6090,1000
6091,993
6092,977
6093,977
6094,978
6095,978
6096,979
6097,977
6098,975
6099,969
6100,969
6101,969
6102,967
6103,967
6104,967
6105,966
6106,965
6107,962
6108,966
6109,964
6110,967
6111,980
6112,979
6113,975
6114,971
6115,968
6116,962
6117,976
6118,970
6119,968
6120,965
6121,963
6122,961
6123,958
6124,961
6125,955
6126,954
6127,958
6128,954
6129,953
6130,950
6131,946
6132,946
6133,941
6134,938
6135,933
6136,933
6137,927
6138,924
6139,919
6140,916
6141,913
6142,909
6143,907
6144,903
6145,897
6146,894
6147,893
6148,893
6149,890
6150,886
6151,883
6152,881
6153,878
6154,876
6155,875
6156,875
6157,870
6158,864
6159,861
6160,857
6161,857
6162,852
6163,847
6164,841
6165,837
6166,834
6167,835
6168,839
6169,835
6170,837
6171,841
6172,841
6173,842
6174,847
6175,843
6176,843
6177,843
6178,845
6179,847
6180,850
6181,861
6182,858
6183,863
6184,860
6185,857
6186,853
6187,855
6188,856
6189,860
6190,860
6191,860
6192,854
6193,864
6194,861
6195,861
6196,863
6197,859
6198,857
6199,866
6200,862
6201,855
6202,855
6203,857
6204,855
6205,853
6206,850
6207,851
6208,856
6209,854
6210,854
6211,851
6212,852
6213,848
6214,840
6215,839
6216,837
6217,840
6218,839
6219,839
6220,840
6221,835
6222,830
6223,822
6224,823
6225,819
6226,820
6227,821
6228,818
6229,815
6230,805
6231,807
6232,813
6233,812
6234,807
