1,20
2,11
3,10
4,10
5,12
6,16
7,8
8,4
9,3
10,3
11,2
12,4
13,5
14,4
15,6
16,9
17,12
18,14
19,12
20,11
21,8
22,7
23,6
24,11
25,21
26,29
27,37
28,38
29,41
30,39
31,37
32,33
33,35
34,31
35,26
36,25
37,18
38,19
39,14
40,12
41,7
42,6
43,4
44,7
45,10
46,10
47,11
48,12
49,9
50,9
51,11
52,10
53,9
54,9
55,6
56,6
57,4
58,5
59,5
60,3
61,2
62,1
63,1
64,2
65,2
66,2
67,7
68,9
69,16
70,16
71,18
72,16
73,11
74,7
75,8
76,6
77,8
78,8
79,9
80,14
81,12
82,9
83,10
84,25
85,38
86,39
87,42
88,42
89,32
90,26
91,19
92,18
93,14
94,13
95,17
96,17
97,14
98,13
99,18
100,23
101,21
102,13
103,10
104,10
105,8
106,10
107,8
108,8
109,9
110,3
111,2
112,6
113,7
114,3
115,3
116,5
117,6
118,4
119,4
120,4
121,3
122,3
123,3
124,4
125,4
126,4
127,2
128,2
129,4
130,3
131,2
132,3
133,3
134,8
135,7
136,4
137,4
138,4
139,2
140,2
141,8
142,10
143,7
144,7
145,6
146,7
147,8
148,7
149,5
150,15
151,23
152,31
153,33
154,34
155,29
156,42
157,46
158,46
159,46
160,46
161,46
162,44
163,46
164,46
165,46
166,46
167,46
168,46
169,46
170,46
171,45
172,46
173,46
174,46
175,46
176,46
177,46
178,46
179,46
180,46
181,46
182,46
183,46
184,45
185,45
186,46
187,46
188,46
189,46
190,46
191,46
192,46
193,45
194,46
195,46
196,45
197,46
198,46
199,45
200,46
201,46
202,46
203,46
204,46
205,46
206,46
207,46
208,46
209,46
210,46
211,46
212,46
213,46
214,46
215,46
216,46
217,46
218,46
219,46
220,46
221,46
222,45
223,46
224,45
225,45
226,46
227,46
228,45
229,46
230,46
231,46
232,44
233,46
234,46
235,46
236,45
237,46
238,46
239,46
240,46
241,45
242,46
243,44
244,45
245,46
246,46
247,46
248,42
249,45
250,44
251,46
252,46
253,46
254,43
255,44
256,44
257,44
258,44
259,44
260,44
261,44
262,44
263,44
264,46
265,46
266,45
267,46
268,46
269,46
270,42
271,42
272,39
273,40
274,43
275,43
276,43
277,43
278,43
279,43
280,45
281,45
282,44
283,46
284,46
285,45
286,46
287,46
288,46
289,46
290,46
291,45
292,46
293,46
294,46
295,46
296,46
297,46
298,45
299,46
300,46
301,46
302,45
303,45
304,41
305,39
306,37
307,36
308,28
309,19
310,15
311,10
312,6
313,7
314,5
315,3
316,4
317,5
318,6
319,6
320,4
321,2
322,3
323,3
324,4
325,3
326,1
327,1
328,20
329,27
330,27
331,27
332,27
333,26
334,4
335,3
336,2
337,2
338,1
339,1
340,1
341,2
342,5
343,5
344,4
345,3
346,2
347,1
348,1
349,1
350,1
351,2
352,3
353,2
354,1
355,1
356,1
357,1
358,1
359,1
360,4
361,4
362,2
363,2
364,5
365,4
366,5
367,12
368,19
369,20
370,18
371,12
372,5
373,1
374,1
375,1
376,1
377,1
378,2
379,1
380,3
381,3
382,3
383,3
384,6
385,7
386,4
387,4
388,4
389,5
390,5
391,5
392,6
393,6
394,7
395,6
396,7
397,5
398,4
399,4
400,2
401,2
402,1
403,1
404,1
405,1
406,5
407,4
408,3
409,3
410,4
411,3
412,3
413,4
414,5
415,5
416,7
417,4
418,4
419,6
420,5
421,4
422,1
423,2
424,2
425,2
426,2
427,2
428,3
429,2
430,8
431,9
432,9
433,4
434,5
435,5
436,2
437,2
438,3
439,4
440,14
441,21
442,25
443,26
444,26
445,22
446,10
447,6
448,4
449,5
450,3
451,6
452,5
453,3
454,3
455,1
456,1
457,2
458,3
459,4
460,4
461,4
462,5
463,7
464,7
465,9
466,23
467,41
468,41
469,40
470,39
471,39
472,37
473,37
474,36
475,37
476,35
477,22
478,45
479,45
480,46
481,46
482,46
483,46
484,46
485,46
486,46
487,46
488,46
489,45
490,46
491,46
492,46
493,46
494,46
495,46
496,46
497,46
498,45
499,46
500,41
501,46
502,46
503,46
504,46
505,46
506,45
507,46
508,46
509,46
510,44
511,46
512,45
513,45
514,46
515,46
516,45
517,45
518,46
519,46
520,44
521,46
522,46
523,46
524,45
525,46
526,45
527,46
528,46
529,46
530,46
531,46
532,46
533,46
534,46
535,46
536,46
537,46
538,45
539,46
540,45
541,46
542,46
543,46
544,46
545,46
546,45
547,46
548,45
549,44
550,46
551,46
552,44
553,46
554,45
555,46
556,46
557,45
558,44
559,46
560,46
561,46
562,46
563,46
564,46
565,45
566,46
567,46
568,46
569,46
570,46
571,46
572,46
573,45
574,46
575,45
576,46
577,45
578,46
579,46
580,46
581,46
582,46
583,46
584,45
585,46
586,45
587,46
588,46
589,46
590,45
591,45
592,46
593,46
594,46
595,45
596,43
597,46
598,46
599,46
600,46
601,45
602,45
603,46
604,45
605,43
606,40
607,35
608,27
609,19
610,16
611,13
612,13
613,19
614,17
615,20
616,24
617,26
618,20
619,18
620,19
621,15
622,15
623,12
624,12
625,14
626,10
627,7
628,5
629,5
630,4
631,4
632,3
633,4
634,5
635,11
636,14
637,18
638,24
639,31
640,37
641,37
642,31
643,26
644,25
645,21
646,18
647,11
648,10
649,8
650,11
651,15
652,25
653,25
654,28
655,34
656,34
657,29
658,26
659,27
660,29
661,33
662,34
663,35
664,38
665,37
666,35
667,34
668,30
669,27
670,23
671,18
672,17
673,19
674,17
675,17
676,20
677,23
678,28
679,24
680,23
681,26
682,24
683,25
684,26
685,25
686,29
687,24
688,20
689,22
690,21
691,25
692,25
693,26
694,26
695,20
696,16
697,14
698,12
699,11
700,4
701,5
702,5
703,6
704,9
705,8
706,8
707,9
708,11
709,8
710,6
711,8
712,8
713,6
714,7
715,8
716,10
717,15
718,9
719,11
720,15
721,14
722,11
723,12
724,7
725,8
726,8
727,10
728,12
729,12
730,10
731,8
732,7
733,10
734,9
735,8
736,5
737,9
738,11
739,10
740,6
741,6
742,8
743,8
744,10
745,7
746,6
747,7
748,8
749,9
750,16
751,15
752,14
753,9
754,8
755,6
756,9
757,13
758,14
759,15
760,18
761,18
762,38
763,38
764,35
765,43
766,40
767,28
768,40
769,39
770,36
771,45
772,45
773,42
774,42
775,44
776,44
777,44
778,44
779,45
780,45
781,45
782,45
783,44
784,44
785,45
786,43
787,44
788,45
789,45
790,45
791,44
792,44
793,45
794,44
795,45
796,45
797,45
798,45
799,43
800,45
801,45
802,45
803,44
804,44
805,44
806,45
807,45
808,44
809,44
810,45
811,45
812,44
813,45
814,45
815,45
816,45
817,43
818,43
819,45
820,44
821,44
822,45
823,45
824,44
825,45
826,45
827,45
828,45
829,45
830,45
831,44
832,45
833,44
834,45
835,45
836,44
837,45
838,45
839,45
840,45
841,45
842,45
843,44
844,43
845,45
846,45
847,45
848,45
849,45
850,43
851,45
852,44
853,45
854,43
855,45
856,45
857,44
858,44
859,45
860,45
861,45
862,45
863,42
864,45
865,44
866,45
867,45
868,45
869,45
870,45
871,45
872,43
873,45
874,44
875,44
876,45
877,45
878,45
879,45
880,43
881,44
882,44
883,44
884,44
885,45
886,44
887,45
888,44
889,43
890,44
891,44
892,44
893,45
894,45
895,45
896,45
897,45
898,45
899,45
900,43
901,45
902,45
903,45
904,45
905,45
906,45
907,45
908,45
909,45
910,45
911,45
912,45
913,45
914,45
915,45
916,44
917,45
918,45
919,45
920,45
921,45
922,45
923,45
924,45
925,45
926,41
927,45
928,44
929,45
930,45
931,45
932,45
933,45
934,44
935,45
936,45
937,45
938,45
939,45
940,45
941,45
942,45
943,44
944,44
945,45
946,44
947,44
948,44
949,45
950,45
951,45
952,45
953,45
954,45
955,42
956,45
957,44
958,44
959,45
960,45
961,45
962,44
963,44
964,45
965,44
966,45
967,43
968,44
969,44
970,45
971,45
972,45
973,45
974,45
975,45
976,44
977,44
978,44
979,45
980,45
981,45
982,44
983,44
984,45
985,45
986,45
987,44
988,45
989,45
990,44
991,45
992,45
993,45
994,45
995,43
996,45
997,45
998,45
999,45
1000,45
1001,45
1002,44
1003,45
1004,43
1005,45
1006,45
1007,45
1008,45
1009,44
1010,45
1011,45
1012,45
1013,45
1014,45
1015,45
1016,45
1017,45
1018,45
1019,45
1020,37
1021,38
1022,39
1023,37
1024,36
1025,27
1026,29
1027,29
1028,23
1029,17
1030,11
1031,13
1032,9
1033,9
1034,7
1035,9
1036,6
1037,7
1038,5
1039,8
1040,11
1041,15
1042,14
1043,10
1044,15
1045,25
1046,32
1047,45
1048,45
1049,45
1050,45
1051,45
1052,44
1053,44
1054,43
1055,39
1056,34
1057,24
1058,22
1059,18
1060,18
1061,19
1062,26
1063,27
1064,25
1065,22
1066,19
1067,25
1068,22
1069,25
1070,26
1071,21
1072,19
1073,18
1074,15
1075,17
1076,18
1077,18
1078,14
1079,15
1080,15
1081,17
1082,14
1083,15
1084,15
1085,11
1086,10
1087,9
1088,15
1089,15
1090,16
1091,17
1092,17
1093,18
1094,13
1095,13
1096,12
1097,12
1098,10
1099,13
1100,12
1101,6
1102,7
1103,10
1104,13
1105,23
1106,27
1107,28
1108,33
1109,30
1110,27
1111,29
1112,28
1113,24
1114,22
1115,22
1116,21
1117,20
1118,15
1119,14
1120,19
1121,23
1122,25
1123,27
1124,26
1125,28
1126,27
1127,25
1128,15
1129,10
1130,6
1131,8
1132,5
1133,8
1134,10
1135,14
1136,14
1137,15
1138,15
1139,12
1140,6
1141,5
1142,8
1143,5
1144,5
1145,6
1146,7
1147,6
1148,7
1149,6
1150,8
1151,5
1152,4
1153,4
1154,5
1155,5
1156,6
1157,7
1158,8
1159,7
1160,4
1161,4
1162,4
1163,4
1164,5
1165,6
1166,4
1167,8
1168,8
1169,8
1170,8
1171,4
1172,3
1173,3
1174,3
1175,3
1176,4
1177,6
1178,9
1179,5
1180,3
1181,3
1182,3
1183,6
1184,7
1185,6
1186,9
1187,29
1188,29
1189,31
1190,32
1191,27
1192,8
1193,6
1194,6
1195,5
1196,4
1197,4
1198,4
1199,5
1200,6
1201,7
1202,8
1203,6
1204,5
1205,5
1206,7
1207,8
1208,10
1209,11
1210,13
1211,12
1212,11
1213,8
1214,9
1215,7
1216,4
1217,3
1218,3
1219,3
1220,5
1221,6
1222,6
1223,8
1224,7
1225,8
1226,9
1227,4
1228,4
1229,7
1230,7
1231,4
1232,3
1233,3
1234,4
1235,3
1236,4
1237,3
1238,4
1239,3
1240,3
1241,6
1242,4
1243,5
1244,4
1245,5
1246,6
1247,6
1248,4
1249,4
1250,5
1251,17
1252,24
1253,39
1254,40
1255,43
1256,42
1257,40
1258,30
1259,27
1260,21
1261,12
1262,11
1263,7
1264,5
1265,5
1266,6
1267,6
1268,9
1269,8
1270,5
1271,7
1272,8
1273,5
1274,6
1275,5
1276,5
1277,7
1278,5
1279,7
1280,8
1281,8
1282,5
1283,5
1284,6
1285,6
1286,6
1287,5
1288,4
1289,5
1290,4
1291,4
1292,9
1293,10
1294,9
1295,8
1296,7
1297,8
1298,5
1299,7
1300,5
1301,6
1302,6
1303,7
1304,8
1305,7
1306,7
1307,5
1308,5
1309,5
1310,8
1311,10
1312,10
1313,11
1314,7
1315,5
1316,5
1317,5
1318,5
1319,4
1320,4
1321,4
1322,4
1323,4
1324,4
1325,5
1326,4
1327,4
1328,4
1329,4
1330,6
1331,5
1332,6
1333,9
1334,8
1335,5
1336,5
1337,4
1338,7
1339,4
1340,5
1341,5
1342,5
1343,4
1344,4
1345,5
1346,4
1347,4
1348,4
1349,4
1350,3
1351,4
1352,7
1353,8
1354,6
1355,6
1356,5
1357,4
1358,3
1359,13
1360,13
1361,13
1362,15
1363,17
1364,20
1365,21
1366,22
1367,21
1368,14
1369,6
1370,5
1371,3
1372,3
1373,4
1374,5
1375,6
1376,8
1377,9
1378,8
1379,7
1380,3
1381,4
1382,3
1383,6
1384,5
1385,3
1386,6
1387,7
1388,8
1389,6
1390,7
1391,7
1392,4
1393,4
1394,3
1395,6
1396,4
1397,5
1398,8
1399,5
1400,5
1401,5
1402,5
1403,5
1404,6
1405,6
1406,5
1407,4
1408,3
1409,3
1410,4
1411,3
1412,4
1413,3
1414,3
1415,3
1416,8
1417,7
1418,8
1419,9
1420,10
1421,10
1422,10
1423,8
1424,8
1425,7
1426,9
1427,8
1428,11
1429,10
1430,10
1431,7
1432,7
1433,8
1434,8
1435,10
1436,11
1437,12
1438,8
1439,7
1440,6
1441,6
1442,5
1443,5
1444,5
1445,9
1446,12
1447,10
1448,5
1449,4
1450,5
1451,4
1452,6
1453,8
1454,9
1455,6
1456,5
1457,6
1458,4
1459,3
1460,4
1461,3
1462,3
1463,3
1464,5
1465,4
1466,5
1467,9
1468,8
1469,11
1470,17
1471,21
1472,25
1473,26
1474,20
1475,18
1476,18
1477,16
1478,6
1479,4
1480,4
1481,5
1482,5
1483,4
1484,3
1485,3
1486,9
1487,5
1488,4
1489,4
1490,6
1491,9
1492,6
1493,7
1494,6
1495,7
1496,12
1497,16
1498,18
1499,12
1500,11
1501,13
1502,13
1503,10
1504,11
1505,12
1506,16
1507,19
1508,19
1509,19
1510,21
1511,24
1512,22
1513,24
1514,26
1515,26
1516,30
1517,28
1518,28
1519,25
1520,25
1521,26
1522,37
1523,39
1524,39
1525,41
1526,38
1527,38
1528,30
1529,29
1530,27
1531,22
1532,17
1533,20
1534,23
1535,30
1536,36
1537,37
1538,36
1539,35
1540,28
1541,22
1542,30
1543,45
1544,45
1545,45
1546,45
1547,45
1548,45
1549,44
1550,44
1551,45
1552,44
1553,45
1554,45
1555,44
1556,44
1557,43
1558,38
1559,42
1560,38
1561,39
1562,43
1563,43
1564,45
1565,43
1566,44
1567,45
1568,45
1569,45
1570,45
1571,44
1572,44
1573,45
1574,45
1575,44
1576,45
1577,43
1578,45
1579,42
1580,42
1581,42
1582,43
1583,41
1584,39
1585,36
1586,32
1587,30
1588,29
1589,27
1590,25
1591,24
1592,17
1593,17
1594,13
1595,11
1596,12
1597,13
1598,11
1599,10
1600,9
1601,10
1602,13
1603,11
1604,11
1605,5
1606,4
1607,4
1608,3
1609,4
1610,6
1611,8
1612,5
1613,5
1614,7
1615,7
1616,7
1617,7
1618,10
1619,10
1620,7
1621,7
1622,6
1623,6
1624,14
1625,15
1626,15
1627,14
1628,15
1629,14
1630,17
1631,18
1632,17
1633,14
1634,15
1635,14
1636,12
1637,14
1638,19
1639,22
1640,27
1641,28
1642,27
1643,21
1644,17
1645,14
1646,12
1647,12
1648,9
1649,8
1650,8
1651,10
1652,13
1653,18
1654,23
1655,40
1656,44
1657,45
1658,45
1659,45
1660,45
1661,44
1662,44
1663,44
1664,44
1665,44
1666,44
1667,43
1668,43
1669,44
1670,44
1671,44
1672,45
1673,45
1674,45
1675,45
1676,45
1677,45
1678,45
1679,45
1680,44
1681,44
1682,44
1683,44
1684,44
1685,44
1686,43
1687,44
1688,43
1689,44
1690,44
1691,44
1692,44
1693,44
1694,45
1695,45
1696,45
1697,44
1698,44
1699,45
1700,45
1701,45
1702,45
1703,45
1704,43
1705,45
1706,44
1707,45
1708,45
1709,45
1710,44
1711,45
1712,45
1713,45
1714,45
1715,45
1716,45
1717,45
1718,42
1719,45
1720,45
1721,43
1722,45
1723,45
1724,44
1725,44
1726,44
1727,44
1728,45
1729,44
1730,45
1731,45
1732,45
1733,45
1734,45
1735,45
1736,43
1737,44
1738,44
1739,44
1740,43
1741,45
1742,45
1743,45
1744,44
1745,45
1746,45
1747,45
1748,45
1749,44
1750,45
1751,45
1752,45
1753,45
1754,45
1755,45
1756,45
1757,45
1758,45
1759,41
1760,37
1761,31
1762,32
1763,44
1764,40
1765,38
1766,45
1767,45
1768,45
1769,45
1770,45
1771,45
1772,45
1773,45
1774,44
1775,45
1776,45
1777,45
1778,45
1779,45
1780,45
1781,45
1782,45
1783,45
1784,45
1785,44
1786,44
1787,45
1788,45
1789,44
1790,44
1791,45
1792,45
1793,45
1794,42
1795,44
1796,45
1797,45
1798,45
1799,44
1800,45
1801,45
1802,45
1803,45
1804,45
1805,45
1806,44
1807,45
1808,44
1809,44
1810,44
1811,45
1812,45
1813,45
1814,44
1815,45
1816,45
1817,45
1818,45
1819,45
1820,42
1821,43
1822,43
1823,43
1824,43
1825,43
1826,42
1827,43
1828,44
1829,43
1830,45
1831,45
1832,45
1833,45
1834,45
1835,45
1836,45
1837,45
1838,44
1839,45
1840,45
1841,45
1842,44
1843,45
1844,43
1845,45
1846,45
1847,45
1848,45
1849,45
1850,45
1851,44
1852,45
1853,44
1854,39
1855,34
1856,28
1857,41
1858,43
1859,41
1860,45
1861,44
1862,44
1863,45
1864,44
1865,44
1866,44
1867,43
1868,38
1869,45
1870,45
1871,42
1872,45
1873,44
1874,44
1875,45
1876,45
1877,45
1878,45
1879,45
1880,45
1881,44
1882,45
1883,44
1884,45
1885,45
1886,45
1887,43
1888,45
1889,43
1890,40
1891,39
1892,39
1893,27
1894,25
1895,16
1896,45
1897,45
1898,45
1899,42
1900,41
1901,42
1902,43
1903,43
1904,43
1905,43
1906,43
1907,41
1908,42
1909,43
1910,43
1911,43
1912,43
1913,43
1914,42
1915,40
1916,40
1917,43
1918,43
1919,43
1920,42
1921,43
1922,42
1923,45
1924,43
1925,45
1926,43
1927,40
1928,41
1929,41
1930,45
1931,45
1932,45
1933,45
1934,45
1935,44
1936,45
1937,45
1938,43
1939,44
1940,41
1941,41
1942,40
1943,37
1944,34
1945,27
1946,27
1947,24
1948,20
1949,22
1950,21
1951,20
1952,23
1953,17
1954,17
1955,19
1956,25
1957,26
1958,29
1959,29
1960,28
1961,19
1962,19
1963,20
1964,13
1965,11
1966,10
1967,10
1968,9
1969,5
1970,5
1971,15
1972,15
1973,17
1974,20
1975,20
1976,20
1977,19
1978,16
1979,17
1980,21
1981,18
1982,22
1983,21
1984,25
1985,25
1986,23
1987,20
1988,24
1989,13
1990,15
1991,17
1992,15
1993,17
1994,19
1995,18
1996,13
1997,11
1998,6
1999,5
2000,8
2001,7
2002,6
2003,7
2004,8
2005,8
2006,9
2007,8
2008,9
2009,9
2010,7
2011,6
2012,6
2013,6
2014,8
2015,8
2016,8
2017,8
2018,9
2019,9
2020,9
2021,9
2022,9
2023,8
2024,9
2025,9
2026,7
2027,6
2028,6
2029,7
2030,9
2031,13
2032,12
2033,9
2034,8
2035,6
2036,5
2037,6
2038,7
2039,10
2040,12
2041,7
2042,9
2043,26
2044,28
2045,30
2046,34
2047,37
2048,38
2049,33
2050,28
2051,26
2052,25
2053,21
2054,18
2055,16
2056,16
2057,14
2058,12
2059,11
2060,12
2061,13
2062,13
2063,12
2064,12
2065,14
2066,15
2067,16
2068,23
2069,23
2070,23
2071,23
2072,25
2073,24
2074,18
2075,13
2076,10
2077,9
2078,7
2079,7
2080,9
2081,8
2082,8
2083,7
2084,6
2085,5
2086,5
2087,5
2088,5
2089,11
2090,17
2091,17
2092,21
2093,18
2094,16
2095,9
2096,6
2097,5
2098,4
2099,4
2100,4
2101,5
2102,7
2103,8
2104,9
2105,13
2106,11
2107,11
2108,11
2109,3
2110,3
2111,3
2112,4
2113,4
2114,5
2115,4
2116,4
2117,3
2118,7
2119,7
2120,5
2121,3
2122,3
2123,5
2124,5
2125,5
2126,6
2127,5
2128,4
2129,3
2130,3
2131,3
2132,4
2133,4
2134,5
2135,5
2136,16
2137,18
2138,17
2139,15
2140,13
2141,6
2142,4
2143,4
2144,4
2145,4
2146,5
2147,5
2148,5
2149,5
2150,5
2151,5
2152,5
2153,5
2154,5
2155,5
2156,4
2157,4
2158,7
2159,9
2160,8
2161,10
2162,11
2163,12
2164,10
2165,6
2166,7
2167,18
2168,31
2169,31
2170,30
2171,33
2172,14
2173,7
2174,7
2175,5
2176,3
2177,4
2178,4
2179,3
2180,3
2181,3
2182,5
2183,6
2184,8
2185,23
2186,22
2187,21
2188,21
2189,14
2190,5
2191,5
2192,4
2193,3
2194,4
2195,3
2196,5
2197,9
2198,9
2199,7
2200,6
2201,8
2202,8
2203,8
2204,5
2205,6
2206,6
2207,4
2208,4
2209,4
2210,4
2211,4
2212,4
2213,4
2214,4
2215,4
2216,4
2217,3
2218,4
2219,6
2220,9
2221,6
2222,6
2223,5
2224,3
2225,3
2226,3
2227,3
2228,3
2229,3
2230,4
2231,4
2232,5
2233,5
2234,5
2235,7
2236,8
2237,8
2238,13
2239,21
2240,23
2241,23
2242,24
2243,20
2244,16
2245,8
2246,5
2247,5
2248,5
2249,4
2250,3
2251,4
2252,6
2253,7
2254,3
2255,3
2256,3
2257,4
2258,6
2259,6
2260,5
2261,5
2262,6
2263,18
2264,35
2265,41
2266,45
2267,45
2268,42
2269,35
2270,31
2271,32
2272,31
2273,31
2274,30
2275,27
2276,25
2277,25
2278,17
2279,16
2280,12
2281,8
2282,5
2283,3
2284,3
2285,3
2286,3
2287,3
2288,3
2289,3
2290,3
2291,4
2292,4
2293,3
2294,3
2295,3
2296,3
2297,4
2298,6
2299,3
2300,3
2301,3
2302,5
2303,5
2304,4
2305,4
2306,5
2307,5
2308,5
2309,16
2310,39
2311,45
2312,45
2313,45
2314,45
2315,45
2316,45
2317,45
2318,45
2319,45
2320,45
2321,45
2322,45
2323,45
2324,43
2325,44
2326,44
2327,43
2328,45
2329,45
2330,45
2331,45
2332,45
2333,45
2334,45
2335,45
2336,45
2337,45
2338,45
2339,43
2340,45
2341,45
2342,45
2343,45
2344,45
2345,45
2346,45
2347,45
2348,45
2349,45
2350,45
2351,45
2352,45
2353,45
2354,45
2355,44
2356,43
2357,32
2358,29
2359,30
2360,29
2361,25
2362,22
2363,22
2364,17
2365,16
2366,16
2367,15
2368,15
2369,13
2370,11
2371,11
2372,11
2373,10
2374,10
2375,10
2376,10
2377,9
2378,11
2379,9
2380,8
2381,9
2382,7
2383,5
2384,5
2385,11
2386,16
2387,17
2388,18
2389,17
2390,15
2391,27
2392,28
2393,32
2394,34
2395,32
2396,28
2397,19
2398,21
2399,22
2400,26
2401,22
2402,22
2403,21
2404,18
2405,19
2406,19
2407,17
2408,17
2409,19
2410,22
2411,21
2412,21
2413,14
2414,21
2415,21
2416,18
2417,14
2418,14
2419,17
2420,25
2421,24
2422,22
2423,18
2424,14
2425,17
2426,23
2427,21
2428,24
2429,14
2430,11
2431,10
2432,12
2433,12
2434,16
2435,15
2436,15
2437,15
2438,15
2439,15
2440,15
2441,20
2442,18
2443,19
2444,21
2445,20
2446,17
2447,14
2448,18
2449,20
2450,15
2451,15
2452,16
2453,20
2454,22
2455,20
2456,14
2457,14
2458,14
2459,9
2460,10
2461,13
2462,16
2463,17
2464,11
2465,9
2466,9
2467,8
2468,8
2469,9
2470,11
2471,12
2472,11
2473,11
2474,10
2475,9
2476,11
2477,13
2478,10
2479,8
2480,8
2481,9
2482,10
2483,9
2484,13
2485,13
2486,14
2487,13
2488,12
2489,14
2490,13
2491,13
2492,12
2493,12
2494,12
2495,16
2496,17
2497,18
2498,16
2499,15
2500,13
2501,12
2502,22
2503,24
2504,28
2505,32
2506,30
2507,23
2508,27
2509,22
2510,22
2511,19
2512,20
2513,15
2514,13
2515,15
2516,16
2517,16
2518,21
2519,30
2520,28
2521,33
2522,36
2523,33
2524,34
2525,35
2526,42
2527,44
2528,44
2529,45
2530,45
2531,44
2532,45
2533,45
2534,45
2535,44
2536,44
2537,45
2538,44
2539,45
2540,45
2541,44
2542,45
2543,44
2544,45
2545,45
2546,45
2547,44
2548,43
2549,43
2550,42
2551,41
2552,44
2553,45
2554,45
2555,45
2556,45
2557,45
2558,44
2559,45
2560,45
2561,45
2562,43
2563,44
2564,45
2565,43
2566,39
2567,40
2568,38
2569,44
2570,43
2571,44
2572,44
2573,45
2574,45
2575,40
2576,42
2577,39
2578,36
2579,33
2580,32
2581,26
2582,22
2583,19
2584,17
2585,12
2586,12
2587,11
2588,12
2589,11
2590,12
2591,11
2592,11
2593,14
2594,10
2595,12
2596,13
2597,14
2598,13
2599,13
2600,13
2601,13
2602,17
2603,14
2604,14
2605,12
2606,10
2607,11
2608,10
2609,8
2610,9
2611,9
2612,12
2613,11
2614,9
2615,11
2616,10
2617,12
2618,12
2619,12
2620,17
2621,18
2622,17
2623,15
2624,13
2625,12
2626,17
2627,18
2628,18
2629,16
2630,25
2631,26
2632,26
2633,29
2634,23
2635,22
2636,16
2637,18
2638,19
2639,14
2640,12
2641,13
2642,16
2643,14
2644,17
2645,12
2646,14
2647,16
2648,17
2649,19
2650,18
2651,15
2652,16
2653,18
2654,18
2655,18
2656,18
2657,12
2658,13
2659,13
2660,15
2661,14
2662,19
2663,18
2664,17
2665,21
2666,20
2667,16
2668,21
2669,21
2670,17
2671,18
2672,21
2673,21
2674,19
2675,33
2676,45
2677,45
2678,45
2679,45
2680,45
2681,45
2682,45
2683,45
2684,45
2685,45
2686,45
2687,45
2688,45
2689,44
2690,44
2691,44
2692,43
2693,44
2694,44
2695,44
2696,44
2697,44
2698,44
2699,45
2700,44
2701,44
2702,42
2703,43
2704,37
2705,36
2706,34
2707,38
2708,37
2709,41
2710,38
2711,20
2712,17
2713,17
2714,17
2715,14
2716,10
2717,11
2718,11
2719,12
2720,9
2721,11
2722,11
2723,12
2724,13
2725,13
2726,15
2727,14
2728,11
2729,12
2730,13
2731,11
2732,10
2733,10
2734,11
2735,10
2736,11
2737,12
2738,10
2739,9
2740,9
2741,8
2742,9
2743,11
2744,12
2745,12
2746,12
2747,12
2748,10
2749,10
2750,10
2751,13
2752,17
2753,18
2754,17
2755,14
2756,18
2757,18
2758,17
2759,17
2760,17
2761,19
2762,19
2763,20
2764,21
2765,23
2766,21
2767,21
2768,22
2769,45
2770,45
2771,44
2772,43
2773,45
2774,44
2775,44
2776,43
2777,43
2778,42
2779,43
2780,43
2781,43
2782,43
2783,44
2784,45
2785,45
2786,45
2787,45
2788,45
2789,44
2790,44
2791,45
2792,45
2793,45
2794,45
2795,45
2796,45
2797,45
2798,45
2799,45
2800,45
2801,45
2802,45
2803,45
2804,45
2805,45
2806,45
2807,42
2808,42
2809,40
2810,40
2811,39
2812,40
2813,35
2814,34
2815,34
2816,32
2817,30
2818,26
2819,26
2820,22
2821,18
2822,12
2823,12
2824,13
2825,13
2826,14
2827,13
2828,14
2829,14
2830,16
2831,17
2832,16
2833,15
2834,14
2835,15
2836,16
2837,17
2838,16
2839,17
2840,18
2841,21
2842,20
2843,19
2844,17
2845,15
2846,14
2847,12
2848,13
2849,13
2850,13
2851,14
2852,18
2853,23
2854,23
2855,27
2856,25
2857,19
2858,18
2859,14
2860,14
2861,14
2862,14
2863,20
2864,16
2865,13
2866,15
2867,17
2868,17
2869,19
2870,15
2871,22
2872,21
2873,20
2874,20
2875,18
2876,19
2877,19
2878,20
2879,20
2880,19
2881,12
2882,13
2883,19
2884,21
2885,28
2886,29
2887,25
2888,27
2889,25
2890,22
2891,22
2892,21
2893,19
2894,16
2895,18
2896,20
2897,22
2898,17
2899,14
2900,13
2901,13
2902,13
2903,14
2904,13
2905,13
2906,14
2907,15
2908,14
2909,13
2910,14
2911,13
2912,12
2913,12
2914,12
2915,14
2916,15
2917,14
2918,14
2919,12
2920,12
2921,12
2922,13
2923,13
2924,12
2925,12
2926,14
2927,15
2928,16
2929,13
2930,12
2931,13
2932,13
2933,13
2934,13
2935,12
2936,12
2937,12
2938,12
2939,12
2940,13
2941,19
2942,19
2943,19
2944,18
2945,15
2946,18
2947,15
2948,16
2949,14
2950,16
2951,22
2952,22
2953,32
2954,29
2955,31
2956,30
2957,30
2958,33
2959,24
2960,23
2961,18
2962,20
2963,22
2964,22
2965,21
2966,21
2967,37
2968,38
2969,37
2970,34
2971,31
2972,33
2973,30
2974,28
2975,26
2976,28
2977,30
2978,35
2979,35
2980,35
2981,32
2982,31
2983,28
2984,26
2985,25
2986,25
2987,22
2988,19
2989,17
2990,14
2991,21
2992,21
2993,17
2994,18
2995,20
2996,17
2997,26
2998,26
2999,28
3000,24
3001,23
3002,21
3003,21
3004,22
3005,23
3006,21
3007,17
3008,24
3009,25
3010,25
3011,20
3012,22
3013,22
3014,20
3015,18
3016,18
3017,21
3018,22
3019,21
3020,16
3021,15
3022,17
3023,15
3024,14
3025,16
3026,14
3027,14
3028,14
3029,14
3030,14
3031,21
3032,22
3033,22
3034,23
3035,22
3036,23
3037,22
3038,27
3039,22
3040,16
3041,15
3042,17
3043,18
3044,31
3045,35
3046,34
3047,32
3048,31
3049,19
3050,18
3051,17
3052,16
3053,16
3054,15
3055,16
3056,15
3057,16
3058,14
3059,16
3060,16
3061,17
3062,16
3063,16
3064,13
3065,19
3066,17
3067,17
3068,19
3069,17
3070,16
3071,13
3072,12
3073,12
3074,14
3075,16
3076,17
3077,18
3078,15
3079,16
3080,13
3081,12
3082,12
3083,13
3084,13
3085,12
3086,15
3087,14
3088,15
3089,16
3090,15
3091,31
3092,36
3093,36
3094,36
3095,20
3096,19
3097,40
3098,43
3099,44
3100,44
3101,40
3102,20
3103,23
3104,22
3105,20
3106,22
3107,20
3108,16
3109,14
3110,19
3111,17
3112,18
3113,19
3114,20
3115,15
3116,20
3117,24
3118,23
3119,16
3120,14
3121,13
3122,13
3123,17
3124,13
3125,16
3126,16
3127,16
3128,17
3129,19
3130,19
3131,20
3132,22
3133,22
3134,24
3135,23
3136,18
3137,21
3138,22
3139,19
3140,28
3141,26
3142,23
3143,27
3144,24
3145,24
3146,22
3147,23
3148,26
3149,24
3150,25
3151,23
3152,30
3153,32
3154,37
3155,42
3156,45
3157,44
3158,44
3159,45
3160,45
3161,45
3162,45
3163,45
3164,45
3165,45
3166,45
3167,44
3168,44
3169,45
3170,45
3171,45
3172,44
3173,45
3174,45
3175,45
3176,45
3177,45
3178,45
3179,43
3180,41
3181,37
3182,31
3183,32
3184,28
3185,22
3186,20
3187,19
3188,24
3189,21
3190,22
3191,18
3192,16
3193,15
3194,16
3195,18
3196,18
3197,17
3198,17
3199,19
3200,23
3201,22
3202,20
3203,21
3204,19
3205,16
3206,16
3207,14
3208,16
3209,16
3210,15
3211,16
3212,15
3213,13
3214,13
3215,13
3216,14
3217,14
3218,18
3219,14
3220,15
3221,14
3222,22
3223,24
3224,23
3225,25
3226,25
3227,18
3228,19
3229,16
3230,16
3231,14
3232,14
3233,15
3234,13
3235,13
3236,11
3237,11
3238,13
3239,14
3240,14
3241,14
3242,14
3243,16
3244,15
3245,16
3246,16
3247,16
3248,16
3249,22
3250,20
3251,17
3252,17
3253,19
3254,29
3255,29
3256,32
3257,33
3258,33
3259,28
3260,33
3261,35
3262,34
3263,28
3264,30
3265,31
3266,30
3267,28
3268,25
3269,30
3270,30
3271,33
3272,34
3273,36
3274,44
3275,45
3276,45
3277,43
3278,44
3279,41
3280,40
3281,44
3282,44
3283,38
3284,38
3285,33
3286,33
3287,30
3288,29
3289,30
3290,26
3291,22
3292,21
3293,26
3294,28
3295,32
3296,29
3297,27
3298,25
3299,22
3300,22
3301,19
3302,18
3303,16
3304,18
3305,17
3306,20
3307,21
3308,24
3309,26
3310,28
3311,29
3312,26
3313,26
3314,27
3315,30
3316,24
3317,21
3318,18
3319,19
3320,21
3321,22
3322,26
3323,27
3324,25
3325,22
3326,21
3327,21
3328,17
3329,19
3330,17
3331,19
3332,18
3333,15
3334,13
3335,13
3336,14
3337,15
3338,13
3339,12
3340,13
3341,11
3342,11
3343,11
3344,11
3345,11
3346,12
3347,12
3348,11
3349,11
3350,13
3351,13
3352,13
3353,15
3354,14
3355,13
3356,15
3357,16
3358,19
3359,21
3360,20
3361,18
3362,18
3363,15
3364,18
3365,18
3366,16
3367,15
3368,17
3369,16
3370,13
3371,14
3372,14
3373,17
3374,24
3375,24
3376,17
3377,19
3378,17
3379,20
3380,20
3381,20
3382,24
3383,23
3384,37
3385,45
3386,45
3387,45
3388,45
3389,31
3390,42
3391,43
3392,42
3393,39
3394,44
3395,30
3396,27
3397,20
3398,19
3399,33
3400,44
3401,45
3402,45
3403,44
3404,36
3405,28
3406,19
3407,22
3408,22
3409,22
3410,23
3411,27
3412,26
3413,28
3414,30
3415,45
3416,45
3417,45
3418,45
3419,43
3420,44
3421,39
3422,42
3423,44
3424,45
3425,43
3426,45
3427,45
3428,45
3429,45
3430,45
3431,45
3432,38
3433,36
3434,35
3435,32
3436,30
3437,33
3438,29
3439,29
3440,34
3441,41
3442,43
3443,44
3444,45
3445,44
3446,44
3447,45
3448,45
3449,42
3450,40
3451,31
3452,34
3453,38
3454,31
3455,31
3456,31
3457,29
3458,26
3459,25
3460,20
3461,25
3462,26
3463,28
3464,26
3465,24
3466,21
3467,26
3468,26
3469,24
3470,25
3471,22
3472,26
3473,22
3474,20
3475,20
3476,20
3477,27
3478,26
3479,29
3480,29
3481,28
3482,32
3483,23
3484,19
3485,18
3486,20
3487,19
3488,19
3489,18
3490,17
3491,22
3492,19
3493,14
3494,12
3495,12
3496,13
3497,21
3498,19
3499,21
3500,23
3501,23
3502,22
3503,16
3504,15
3505,13
3506,11
3507,13
3508,13
3509,13
3510,13
3511,14
3512,20
3513,21
3514,21
3515,20
3516,21
3517,22
3518,24
3519,24
3520,24
3521,23
3522,24
3523,25
3524,21
3525,18
3526,17
3527,21
3528,18
3529,20
3530,16
3531,15
3532,17
3533,17
3534,17
3535,18
3536,17
3537,16
3538,15
3539,16
3540,15
3541,15
3542,16
3543,20
3544,18
3545,33
3546,38
3547,42
3548,43
3549,40
3550,40
3551,36
3552,34
3553,35
3554,33
3555,28
3556,28
3557,26
3558,29
3559,28
3560,24
3561,25
3562,25
3563,25
3564,23
3565,22
3566,20
3567,19
3568,18
3569,16
3570,14
3571,12
3572,14
3573,15
3574,15
3575,13
3576,15
3577,18
3578,27
3579,33
3580,42
3581,44
3582,42
3583,44
3584,44
3585,44
3586,44
3587,44
3588,44
3589,44
3590,44
3591,44
3592,44
3593,44
3594,44
3595,44
3596,44
3597,44
3598,44
3599,44
3600,44
3601,44
3602,44
3603,44
3604,43
3605,43
3606,41
3607,44
3608,39
3609,38
3610,32
3611,30
3612,29
3613,25
3614,22
3615,22
3616,20
3617,21
3618,24
3619,23
3620,27
3621,32
3622,36
3623,39
3624,44
3625,44
3626,44
3627,42
3628,39
3629,37
3630,33
3631,31
3632,27
3633,23
3634,22
3635,21
3636,17
3637,16
3638,16
3639,16
3640,17
3641,15
3642,16
3643,15
3644,16
3645,17
3646,16
3647,15
3648,17
3649,17
3650,22
3651,22
3652,21
3653,18
3654,18
3655,18
3656,17
3657,16
3658,15
3659,18
3660,19
3661,20
3662,19
3663,18
3664,19
3665,19
3666,18
3667,17
3668,17
3669,17
3670,15
3671,14
3672,14
3673,14
3674,16
3675,16
3676,14
3677,14
3678,14
3679,11
3680,12
3681,33
3682,37
3683,41
3684,40
3685,17
3686,16
3687,16
3688,14
3689,16
3690,19
3691,21
3692,28
3693,28
3694,32
3695,31
3696,44
3697,44
3698,44
3699,44
3700,39
3701,38
3702,35
3703,33
3704,32
3705,34
3706,32
3707,31
3708,30
3709,31
3710,26
3711,26
3712,27
3713,25
3714,25
3715,23
3716,22
3717,26
3718,28
3719,27
3720,24
3721,22
3722,20
3723,18
3724,18
3725,16
3726,19
3727,18
3728,20
3729,24
3730,24
3731,23
3732,20
3733,20
3734,18
3735,21
3736,24
3737,23
3738,19
3739,18
3740,17
3741,17
3742,17
3743,20
3744,19
3745,19
3746,19
3747,21
3748,22
3749,22
3750,24
3751,24
3752,24
3753,29
3754,30
3755,23
3756,23
3757,18
3758,21
3759,19
3760,16
3761,18
3762,14
3763,16
3764,15
3765,14
3766,14
3767,14
3768,16
3769,15
3770,14
3771,14
3772,16
3773,13
3774,15
3775,14
3776,16
3777,12
3778,12
3779,14
3780,15
3781,14
3782,16
3783,15
3784,14
3785,16
3786,14
3787,13
3788,12
3789,15
3790,13
3791,13
3792,13
3793,15
3794,16
3795,14
3796,14
3797,14
3798,14
3799,14
3800,12
3801,12
3802,13
3803,13
3804,12
3805,15
3806,15
3807,15
3808,15
3809,11
3810,11
3811,11
3812,11
3813,12
3814,12
3815,11
3816,12
3817,13
3818,13
3819,13
3820,13
3821,16
3822,15
3823,12
3824,13
3825,13
3826,13
3827,13
3828,13
3829,13
3830,13
3831,14
3832,15
3833,16
3834,14
3835,13
3836,12
3837,12
3838,13
3839,13
3840,14
3841,15
3842,15
3843,17
3844,17
3845,16
3846,16
3847,14
3848,14
3849,14
3850,14
3851,15
3852,14
3853,13
3854,12
3855,13
3856,12
3857,14
3858,14
3859,13
3860,12
3861,14
3862,14
3863,14
3864,15
3865,14
3866,15
3867,13
3868,14
3869,14
3870,13
3871,15
3872,20
3873,20
3874,19
3875,25
3876,22
3877,20
3878,20
3879,18
3880,17
3881,16
3882,17
3883,17
3884,18
3885,16
3886,15
3887,15
3888,15
3889,16
3890,17
3891,15
3892,15
3893,17
3894,17
3895,17
3896,17
3897,18
3898,16
3899,16
3900,16
3901,15
3902,15
3903,19
3904,17
3905,20
3906,18
3907,19
3908,20
3909,19
3910,15
3911,16
3912,15
3913,15
3914,14
3915,13
3916,13
3917,16
3918,16
3919,16
3920,27
3921,26
3922,28
3923,28
3924,30
3925,30
3926,25
3927,22
3928,16
3929,13
3930,13
3931,13
3932,13
3933,13
3934,13
3935,13
3936,13
3937,13
3938,12
3939,13
3940,12
3941,12
3942,12
3943,12
3944,16
3945,17
3946,19
3947,19
3948,13
3949,13
3950,13
3951,14
3952,12
3953,15
3954,16
3955,14
3956,15
3957,16
3958,18
3959,17
3960,15
3961,14
3962,12
3963,12
3964,13
3965,13
3966,13
3967,14
3968,14
3969,12
3970,14
3971,15
3972,15
3973,12
3974,14
3975,18
3976,15
3977,17
3978,19
3979,19
3980,18
3981,17
3982,15
3983,14
3984,14
3985,21
3986,21
3987,21
3988,26
3989,22
3990,21
3991,19
3992,21
3993,19
3994,21
3995,20
3996,19
3997,18
3998,18
3999,18
4000,22
4001,19
4002,18
4003,22
4004,21
4005,21
4006,21
4007,21
4008,34
4009,36
4010,33
4011,36
4012,34
4013,31
4014,31
4015,26
4016,24
4017,21
4018,17
4019,17
4020,15
4021,17
4022,18
4023,20
4024,20
4025,18
4026,16
4027,18
4028,19
4029,18
4030,18
4031,16
4032,17
4033,18
4034,17
4035,18
4036,18
4037,18
4038,18
4039,16
4040,16
4041,16
4042,16
4043,17
4044,17
4045,16
4046,16
4047,15
4048,14
4049,14
4050,19
4051,21
4052,22
4053,27
4054,24
4055,21
4056,21
4057,21
4058,18
4059,18
4060,18
4061,18
4062,19
4063,19
4064,20
4065,18
4066,17
4067,15
4068,15
4069,32
4070,31
4071,31
4072,36
4073,31
4074,28
4075,27
4076,25
4077,21
4078,21
4079,18
4080,21
4081,25
4082,21
4083,18
4084,16
4085,19
4086,19
4087,20
4088,19
4089,16
4090,17
4091,18
4092,17
4093,17
4094,17
4095,18
4096,19
4097,17
4098,16
4099,15
4100,22
4101,19
4102,14
4103,20
4104,20
4105,20
4106,20
4107,20
4108,23
4109,26
4110,22
4111,23
4112,29
4113,30
4114,36
4115,32
4116,32
4117,27
4118,23
4119,23
4120,23
4121,24
4122,24
4123,22
4124,26
4125,27
4126,26
4127,26
4128,27
4129,31
4130,39
4131,41
4132,41
4133,43
4134,43
4135,43
4136,42
4137,38
4138,43
4139,43
4140,44
4141,40
4142,38
4143,41
4144,37
4145,38
4146,43
4147,44
4148,42
4149,44
4150,43
4151,40
4152,44
4153,44
4154,43
4155,43
4156,44
4157,44
4158,43
4159,44
4160,44
4161,37
4162,44
4163,43
4164,43
4165,43
4166,44
4167,44
4168,44
4169,43
4170,44
4171,44
4172,44
4173,44
4174,44
4175,44
4176,44
4177,44
4178,43
4179,43
4180,44
4181,44
4182,44
4183,44
4184,44
4185,43
4186,44
4187,41
4188,43
4189,41
4190,35
4191,30
4192,20
4193,20
4194,17
4195,18
4196,19
4197,17
4198,17
4199,16
4200,15
4201,16
4202,15
4203,13
4204,16
4205,15
4206,17
4207,16
4208,14
4209,13
4210,13
4211,17
4212,20
4213,15
4214,14
4215,15
4216,16
4217,17
4218,19
4219,16
4220,15
4221,16
4222,20
4223,23
4224,25
4225,25
4226,23
4227,16
4228,13
4229,14
4230,15
4231,17
4232,12
4233,12
4234,14
4235,14
4236,14
4237,16
4238,14
4239,14
4240,15
4241,14
4242,16
4243,19
4244,26
4245,26
4246,24
4247,20
4248,19
4249,14
4250,15
4251,16
4252,17
4253,21
4254,21
4255,23
4256,21
4257,24
4258,21
4259,23
4260,28
4261,29
4262,27
4263,22
4264,20
4265,23
4266,27
4267,26
4268,30
4269,33
4270,33
4271,32
4272,30
4273,33
4274,37
4275,38
4276,39
4277,40
4278,39
4279,37
4280,36
4281,32
4282,33
4283,30
4284,32
4285,39
4286,39
4287,44
4288,43
4289,43
4290,44
4291,43
4292,44
4293,44
4294,44
4295,44
4296,44
4297,43
4298,44
4299,44
4300,43
4301,43
4302,43
4303,44
4304,44
4305,44
4306,43
4307,44
4308,44
4309,44
4310,43
4311,44
4312,44
4313,44
4314,44
4315,43
4316,44
4317,44
4318,44
4319,44
4320,44
4321,44
4322,44
4323,43
4324,44
4325,44
4326,43
4327,44
4328,43
4329,44
4330,44
4331,44
4332,44
4333,44
4334,44
4335,44
4336,44
4337,44
4338,44
4339,44
4340,44
4341,44
4342,43
4343,44
4344,44
4345,43
4346,44
4347,44
4348,44
4349,43
4350,44
4351,43
4352,44
4353,42
4354,39
4355,30
4356,29
4357,23
4358,21
4359,19
4360,17
4361,16
4362,16
4363,13
4364,20
4365,21
4366,23
4367,17
4368,16
4369,18
4370,22
4371,25
4372,20
4373,20
4374,21
4375,15
4376,13
4377,15
4378,24
4379,24
4380,20
4381,21
4382,25
4383,29
4384,44
4385,44
4386,44
4387,44
4388,44
4389,44
4390,43
4391,44
4392,44
4393,44
4394,44
4395,44
4396,44
4397,44
4398,42
4399,44
4400,44
4401,44
4402,42
4403,38
4404,44
4405,44
4406,44
4407,43
4408,44
4409,44
4410,44
4411,44
4412,44
4413,43
4414,44
4415,43
4416,44
4417,44
4418,44
4419,44
4420,44
4421,44
4422,44
4423,43
4424,44
4425,44
4426,44
4427,43
4428,42
4429,43
4430,44
4431,44
4432,44
4433,44
4434,43
4435,44
4436,44
4437,44
4438,44
4439,44
4440,43
4441,43
4442,44
4443,44
4444,44
4445,44
4446,44
4447,41
4448,44
4449,44
4450,44
4451,44
4452,44
4453,44
4454,43
4455,44
4456,44
4457,44
4458,44
4459,43
4460,43
4461,44
4462,44
4463,44
4464,44
4465,43
4466,44
4467,44
4468,44
4469,44
4470,44
4471,44
4472,43
4473,44
4474,44
4475,44
4476,44
4477,44
4478,44
4479,44
4480,44
4481,44
4482,44
4483,44
4484,44
4485,44
4486,44
4487,44
4488,44
4489,44
4490,44
4491,44
4492,44
4493,44
4494,44
4495,44
4496,44
4497,44
4498,44
4499,44
4500,44
4501,43
4502,44
4503,43
4504,43
4505,44
4506,44
4507,44
4508,44
4509,44
4510,44
4511,44
4512,41
4513,44
4514,44
4515,44
4516,43
4517,44
4518,44
4519,43
4520,43
4521,44
4522,44
4523,44
4524,44
4525,44
4526,44
4527,44
4528,43
4529,44
4530,44
4531,42
4532,44
4533,44
4534,44
4535,43
4536,43
4537,44
4538,43
4539,43
4540,44
4541,43
4542,44
4543,44
4544,43
4545,44
4546,44
4547,43
4548,44
4549,44
4550,44
4551,44
4552,44
4553,44
4554,44
4555,44
4556,44
4557,43
4558,44
4559,44
4560,44
4561,44
4562,43
4563,44
4564,44
4565,44
4566,41
4567,44
4568,44
4569,44
4570,43
4571,43
4572,44
4573,44
4574,44
4575,44
4576,44
4577,42
4578,44
4579,44
4580,44
4581,42
4582,44
4583,44
4584,44
4585,44
4586,43
4587,44
4588,43
4589,44
4590,44
4591,44
4592,44
4593,43
4594,37
4595,36
4596,38
4597,38
4598,39
4599,39
4600,43
4601,44
4602,44
4603,44
4604,44
4605,43
4606,44
4607,44
4608,44
4609,44
4610,44
4611,44
4612,44
4613,44
4614,44
4615,43
4616,43
4617,43
4618,44
4619,44
4620,44
4621,44
4622,44
4623,44
4624,43
4625,43
4626,44
4627,42
4628,44
4629,44
4630,43
4631,43
4632,44
4633,44
4634,44
4635,43
4636,44
4637,43
4638,44
4639,44
4640,44
4641,42
4642,44
4643,43
4644,44
4645,44
4646,44
4647,44
4648,44
4649,44
4650,44
4651,44
4652,44
4653,44
4654,44
4655,44
4656,44
4657,44
4658,43
4659,44
4660,41
4661,44
4662,43
4663,42
4664,43
4665,44
4666,44
4667,44
4668,43
4669,42
4670,44
4671,44
4672,43
4673,44
4674,44
4675,44
4676,44
4677,44
4678,44
4679,40
4680,36
4681,34
4682,30
4683,26
4684,21
4685,13
4686,11
4687,10
4688,9
4689,8
4690,8
4691,8
4692,8
4693,8
4694,8
4695,9
4696,14
4697,13
4698,16
4699,14
4700,12
4701,11
4702,8
4703,9
4704,8
4705,10
4706,13
4707,22
4708,23
4709,24
4710,24
4711,22
4712,24
4713,19
4714,17
4715,13
4716,10
4717,11
4718,11
4719,12
4720,13
4721,16
4722,15
4723,31
4724,33
4725,36
4726,32
4727,17
4728,7
4729,8
4730,11
4731,10
4732,8
4733,10
4734,8
4735,8
4736,10
4737,10
4738,7
4739,7
4740,7
4741,7
4742,7
4743,8
4744,9
4745,8
4746,9
4747,8
4748,8
4749,8
4750,7
4751,7
4752,7
4753,8
4754,9
4755,9
4756,8
4757,9
4758,8
4759,10
4760,7
4761,8
4762,8
4763,9
4764,9
4765,8
4766,8
4767,11
4768,11
4769,9
4770,8
4771,8
4772,8
4773,8
4774,8
4775,7
4776,7
4777,7
4778,6
4779,6
4780,7
4781,9
4782,10
4783,9
4784,9
4785,8
4786,8
4787,7
4788,6
4789,6
4790,6
4791,6
4792,7
4793,8
4794,7
4795,6
4796,6
4797,6
4798,6
4799,7
4800,8
4801,8
4802,6
4803,6
4804,6
4805,6
4806,6
4807,6
4808,6
4809,6
4810,6
4811,6
4812,7
4813,9
4814,9
4815,11
4816,13
4817,14
4818,13
4819,12
4820,9
4821,9
4822,7
4823,7
4824,6
4825,6
4826,6
4827,7
4828,8
4829,6
4830,6
4831,6
4832,6
4833,7
4834,7
4835,8
4836,8
4837,8
4838,6
4839,8
4840,8
4841,6
4842,7
4843,9
4844,9
4845,10
4846,13
4847,11
4848,14
4849,16
4850,14
4851,14
4852,11
4853,10
4854,8
4855,8
4856,8
4857,8
4858,7
4859,11
4860,12
4861,8
4862,8
4863,7
4864,6
4865,6
4866,8
4867,6
4868,6
4869,7
4870,9
4871,6
4872,6
4873,9
4874,8
4875,6
4876,7
4877,6
4878,7
4879,6
4880,6
4881,7
4882,11
4883,10
4884,16
4885,15
4886,15
4887,15
4888,12
4889,15
4890,10
4891,9
4892,11
4893,9
4894,6
4895,8
4896,8
4897,7
4898,7
4899,7
4900,8
4901,7
4902,7
4903,9
4904,9
4905,9
4906,9
4907,8
4908,8
4909,8
4910,9
4911,8
4912,7
4913,8
4914,7
4915,8
4916,7
4917,7
4918,8
4919,8
4920,7
4921,7
4922,7
4923,7
4924,11
4925,11
4926,11
4927,10
4928,10
4929,11
4930,10
4931,10
4932,11
4933,12
4934,13
4935,11
4936,10
4937,10
4938,11
4939,13
4940,16
4941,15
4942,10
4943,12
4944,12
4945,11
4946,11
4947,12
4948,11
4949,11
4950,13
4951,12
4952,11
4953,11
4954,10
4955,10
4956,11
4957,11
4958,12
4959,14
4960,15
4961,13
4962,12
4963,13
4964,15
4965,16
4966,17
4967,14
4968,13
4969,19
4970,17
4971,16
4972,14
4973,13
4974,12
4975,11
4976,11
4977,11
4978,12
4979,18
4980,19
4981,19
4982,16
4983,19
4984,19
4985,28
4986,28
4987,26
4988,24
4989,25
4990,25
4991,24
4992,22
4993,21
4994,21
4995,19
4996,19
4997,20
4998,18
4999,18
5000,19
5001,20
5002,17
5003,29
5004,27
5005,23
5006,19
5007,19
5008,20
5009,17
5010,15
5011,16
5012,18
5013,18
5014,16
5015,18
5016,15
5017,13
5018,11
5019,12
5020,12
5021,15
5022,16
5023,16
5024,15
5025,14
5026,14
5027,14
5028,16
5029,21
5030,24
5031,22
5032,19
5033,14
5034,12
5035,14
5036,15
5037,15
5038,22
5039,27
5040,41
5041,44
5042,44
5043,41
5044,40
5045,42
5046,33
5047,36
5048,31
5049,28
5050,25
5051,24
5052,27
5053,28
5054,26
5055,28
5056,27
5057,25
5058,22
5059,21
5060,22
5061,13
5062,10
5063,9
5064,11
5065,13
5066,10
5067,13
5068,15
5069,15
5070,15
5071,14
5072,12
5073,13
5074,19
5075,21
5076,14
5077,16
5078,16
5079,18
5080,17
5081,14
5082,11
5083,8
5084,10
5085,12
5086,11
5087,11
5088,9
5089,12
5090,10
5091,10
5092,10
5093,8
5094,7
5095,7
5096,8
5097,8
5098,8
5099,7
5100,6
5101,7
5102,7
5103,10
5104,10
5105,9
5106,15
5107,17
5108,23
5109,22
5110,16
5111,18
5112,14
5113,9
5114,9
5115,8
5116,12
5117,11
5118,11
5119,12
5120,14
5121,15
5122,15
5123,12
5124,12
5125,9
5126,11
5127,13
5128,12
5129,10
5130,11
5131,12
5132,13
5133,13
5134,12
5135,8
5136,7
5137,6
5138,6
5139,13
5140,32
5141,34
5142,35
5143,36
5144,37
5145,32
5146,25
5147,28
5148,25
5149,22
5150,20
5151,18
5152,17
5153,15
5154,19
5155,18
5156,15
5157,13
5158,11
5159,9
5160,8
5161,8
5162,9
5163,11
5164,10
5165,10
5166,9
5167,10
5168,10
5169,10
5170,11
5171,8
5172,9
5173,9
5174,13
5175,16
5176,19
5177,18
5178,21
5179,23
5180,27
5181,28
5182,29
5183,30
5184,26
5185,21
5186,19
5187,20
5188,20
5189,12
5190,11
5191,9
5192,10
5193,10
5194,11
5195,11
5196,8
5197,8
5198,8
5199,9
5200,11
5201,10
5202,9
5203,8
5204,8
5205,9
5206,9
5207,7
5208,7
5209,7
5210,8
5211,9
5212,9
5213,7
5214,7
5215,7
5216,9
5217,7
5218,7
5219,7
5220,6
5221,6
5222,7
5223,7
5224,7
5225,8
5226,8
5227,8
5228,8
5229,8
5230,8
5231,8
5232,8
5233,8
5234,8
5235,9
5236,8
5237,12
5238,11
5239,10
5240,11
5241,10
5242,8
5243,8
5244,9
5245,8
5246,7
5247,7
5248,7
5249,9
5250,10
5251,11
5252,11
5253,15
5254,16
5255,17
5256,18
5257,18
5258,16
5259,11
5260,16
5261,20
5262,22
5263,19
5264,16
5265,16
5266,18
5267,15
5268,17
5269,18
5270,19
5271,30
5272,35
5273,35
5274,29
5275,31
5276,29
5277,26
5278,19
5279,16
5280,16
5281,20
5282,23
5283,25
5284,29
5285,28
5286,26
5287,21
5288,19
5289,19
5290,19
5291,25
5292,26
5293,26
5294,25
5295,30
5296,32
5297,27
5298,28
5299,27
5300,29
5301,26
5302,28
5303,26
5304,21
5305,19
5306,16
5307,12
5308,12
5309,14
5310,19
5311,19
5312,17
5313,17
5314,17
5315,17
5316,19
5317,21
5318,21
5319,20
5320,17
5321,14
5322,13
5323,11
5324,11
5325,13
5326,9
5327,9
5328,18
5329,24
5330,25
5331,27
5332,28
5333,28
5334,26
5335,24
5336,19
5337,19
5338,18
5339,16
5340,16
5341,14
5342,12
5343,11
5344,9
5345,9
5346,11
5347,16
5348,16
5349,16
5350,13
5351,11
5352,11
5353,14
5354,19
5355,19
5356,21
5357,20
5358,19
5359,16
5360,15
5361,15
5362,14
5363,11
5364,10
5365,9
5366,10
5367,15
5368,21
5369,20
5370,21
5371,23
5372,19
5373,16
5374,14
5375,10
5376,10
5377,9
5378,10
5379,9
5380,9
5381,9
5382,9
5383,9
5384,10
5385,12
5386,12
5387,11
5388,9
5389,9
5390,10
5391,9
5392,9
5393,11
5394,13
5395,13
5396,15
5397,14
5398,13
5399,10
5400,10
5401,12
5402,12
5403,12
5404,13
5405,14
5406,13
5407,15
5408,14
5409,12
5410,11
5411,12
5412,14
5413,12
5414,11
5415,16
5416,19
5417,14
5418,15
5419,16
5420,10
5421,9
5422,9
5423,10
5424,12
5425,14
5426,16
5427,20
5428,16
5429,16
5430,15
5431,18
5432,23
5433,23
5434,24
5435,31
5436,35
5437,39
5438,39
5439,40
5440,40
5441,44
5442,44
5443,44
5444,43
5445,44
5446,44
5447,44
5448,44
5449,44
5450,44
5451,44
5452,44
5453,44
5454,44
5455,44
5456,44
5457,44
5458,44
5459,44
5460,44
5461,43
5462,43
5463,43
5464,44
5465,44
5466,44
5467,44
5468,44
5469,43
5470,44
5471,43
5472,44
5473,42
5474,44
5475,42
5476,44
5477,44
5478,44
5479,44
5480,44
5481,44
5482,43
5483,43
5484,42
5485,42
5486,42
5487,42
5488,42
5489,43
5490,42
5491,43
5492,44
5493,41
5494,44
5495,44
5496,44
5497,44
5498,44
5499,40
5500,34
5501,24
5502,18
5503,22
5504,21
5505,27
5506,24
5507,23
5508,18
5509,20
5510,15
5511,16
5512,19
5513,18
5514,20
5515,23
5516,31
5517,31
5518,35
5519,30
5520,26
5521,27
5522,22
5523,22
5524,25
5525,23
5526,25
5527,16
5528,12
5529,8
5530,10
5531,11
5532,11
5533,11
5534,13
5535,14
5536,13
5537,12
5538,10
5539,9
5540,9
5541,7
5542,8
5543,7
5544,10
5545,13
5546,12
5547,12
5548,15
5549,16
5550,15
5551,20
5552,19
5553,20
5554,14
5555,13
5556,15
5557,14
5558,15
5559,12
5560,9
5561,10
5562,11
5563,12
5564,11
5565,11
5566,13
5567,13
5568,13
5569,13
5570,14
5571,12
5572,14
5573,15
5574,26
5575,28
5576,31
5577,33
5578,28
5579,18
5580,17
5581,18
5582,18
5583,13
5584,11
5585,13
5586,17
5587,19
5588,19
5589,16
5590,14
5591,10
5592,12
5593,12
5594,11
5595,12
5596,10
5597,11
5598,11
5599,19
5600,23
5601,29
5602,28
5603,31
5604,27
5605,23
5606,23
5607,24
5608,21
5609,18
5610,17
5611,14
5612,11
5613,12
5614,18
5615,17
5616,17
5617,14
5618,14
5619,14
5620,13
5621,14
5622,14
5623,18
5624,20
5625,15
5626,12
5627,11
5628,12
5629,13
5630,10
5631,11
5632,10
5633,8
5634,8
5635,8
5636,8
5637,10
5638,9
5639,9
5640,9
5641,9
5642,9
5643,8
5644,8
5645,9
5646,8
5647,8
5648,7
5649,7
5650,7
5651,7
5652,7
5653,10
5654,10
5655,10
5656,9
5657,10
5658,10
5659,8
5660,7
5661,7
5662,7
5663,7
5664,8
5665,7
5666,7
5667,7
5668,7
5669,7
5670,8
5671,8
5672,8
5673,9
5674,8
5675,12
5676,15
5677,11
5678,11
5679,12
5680,12
5681,13
5682,14
5683,13
5684,14
5685,15
5686,14
5687,12
5688,10
5689,10
5690,9
5691,10
5692,11
5693,11
5694,12
5695,9
5696,9
5697,9
5698,12
5699,12
5700,12
5701,10
5702,11
5703,10
5704,9
5705,10
5706,11
5707,9
5708,9
5709,10
5710,9
5711,9
5712,9
5713,9
5714,9
5715,12
5716,9
5717,10
5718,10
5719,9
5720,11
5721,11
5722,10
5723,10
5724,10
5725,9
5726,8
5727,7
5728,7
5729,7
5730,7
5731,10
5732,10
5733,11
5734,13
5735,15
5736,12
5737,14
5738,15
5739,14
5740,12
5741,12
5742,12
5743,14
5744,12
5745,13
5746,14
5747,13
5748,13
5749,13
5750,11
5751,9
5752,11
5753,19
5754,19
5755,19
5756,19
5757,15
5758,15
5759,13
5760,13
5761,13
5762,10
5763,12
5764,11
5765,11
5766,11
5767,11
5768,11
5769,12
5770,12
5771,13
5772,17
5773,19
5774,20
5775,16
5776,12
5777,12
5778,11
5779,11
5780,11
5781,11
5782,10
5783,10
5784,9
5785,9
5786,9
5787,10
5788,11
5789,10
5790,8
5791,8
5792,7
5793,7
5794,8
5795,8
5796,10
5797,13
5798,15
5799,15
5800,14
5801,15
5802,14
5803,17
5804,18
5805,14
5806,10
5807,10
5808,9
5809,10
5810,9
5811,8
5812,7
5813,7
5814,7
5815,7
5816,7
5817,9
5818,12
5819,11
5820,10
5821,11
5822,10
5823,10
5824,10
5825,9
5826,10
5827,9
5828,8
5829,8
5830,10
5831,10
5832,9
5833,8
5834,8
5835,8
5836,8
5837,8
5838,9
5839,7
5840,7
5841,7
5842,7
5843,8
5844,8
5845,10
5846,9
5847,7
5848,7
5849,7
5850,7
5851,7
5852,7
5853,7
5854,7
5855,7
5856,7
5857,7
5858,7
5859,7
5860,7
5861,10
5862,7
5863,7
5864,13
5865,27
5866,30
5867,44
5868,44
5869,44
5870,44
5871,44
5872,44
5873,44
5874,44
5875,44
5876,43
5877,44
5878,44
5879,44
5880,44
5881,42
5882,44
5883,44
5884,44
5885,44
5886,41
5887,36
5888,40
5889,40
5890,38
5891,37
5892,37
5893,34
5894,30
5895,29
5896,28
5897,27
5898,24
5899,21
5900,18
5901,44
5902,43
5903,44
5904,44
5905,44
5906,43
5907,44
5908,44
5909,43
5910,44
5911,44
5912,44
5913,43
5914,44
5915,44
5916,44
5917,44
5918,44
5919,43
5920,44
5921,44
5922,44
5923,44
5924,44
5925,43
5926,44
5927,44
5928,44
5929,44
5930,44
5931,44
5932,44
5933,44
5934,44
5935,44
5936,44
5937,44
5938,44
5939,44
5940,44
5941,44
5942,43
5943,44
5944,44
5945,44
5946,44
5947,43
5948,43
5949,43
5950,44
5951,44
5952,44
5953,43
5954,44
5955,44
5956,44
5957,44
5958,44
5959,44
5960,43
5961,44
5962,44
5963,44
5964,44
5965,44
5966,44
5967,44
5968,44
5969,44
5970,44
5971,43
5972,43
5973,44
5974,44
5975,44
5976,44
5977,44
5978,44
5979,44
5980,43
5981,44
5982,43
5983,44
5984,43
5985,44
5986,44
5987,44
5988,44
5989,43
5990,44
5991,44
5992,44
5993,44
5994,44
5995,44
5996,44
5997,43
5998,44
5999,44
6000,44
6001,44
6002,44
6003,44
6004,44
6005,44
6006,44
6007,44
6008,44
6009,44
6010,44
6011,44
6012,44
6013,44
6014,43
6015,42
6016,43
6017,43
6018,42
6019,44
6020,43
6021,44
6022,44
6023,44
6024,44
6025,44
6026,44
6027,44
6028,44
6029,44
6030,44
6031,44
6032,44
6033,44
6034,43
6035,44
6036,44
6037,44
6038,43
6039,44
6040,43
6041,44
6042,42
6043,44
6044,44
6045,43
6046,44
6047,44
6048,44
6049,43
6050,44
6051,44
6052,44
6053,44
6054,44
6055,44
6056,44
6057,44
6058,44
6059,44
6060,44
6061,44
6062,44
6063,44
6064,44
6065,44
6066,43
6067,44
6068,44
6069,44
6070,43
6071,44
6072,43
6073,44
6074,44
6075,44
6076,43
6077,44
6078,43
6079,44
6080,44
6081,44
6082,44
6083,44
6084,44
6085,44
6086,44
6087,44
6088,44
6089,44
6090,44
6091,44
6092,44
6093,44
6094,44
6095,44
6096,44
6097,44
6098,44
6099,44
6100,44
6101,44
6102,44
6103,44
6104,44
6105,44
6106,44
6107,44
6108,44
6109,44
6110,44
6111,44
6112,44
6113,44
6114,43
6115,44
6116,44
6117,44
6118,43
6119,43
6120,43
6121,43
6122,42
6123,43
6124,43
6125,44
6126,43
6127,44
6128,44
6129,43
6130,44
6131,43
6132,40
6133,41
6134,40
6135,42
6136,41
6137,42
6138,42
6139,42
6140,40
6141,41
6142,41
6143,41
6144,41
6145,40
6146,41
6147,42
6148,42
6149,41
6150,41
6151,43
6152,43
6153,43
6154,43
6155,43
6156,42
6157,43
6158,43
6159,42
6160,44
6161,44
6162,43
6163,43
6164,44
6165,43
6166,44
6167,43
6168,44
6169,43
6170,44
6171,44
6172,44
6173,44
6174,44
6175,44
6176,43
6177,44
6178,44
6179,44
6180,44
6181,44
6182,44
6183,44
6184,44
6185,43
6186,44
6187,44
6188,44
6189,43
6190,44
6191,44
6192,44
6193,42
6194,44
6195,44
6196,44
6197,44
6198,44
6199,44
6200,43
6201,44
6202,44
6203,44
6204,44
6205,44
6206,44
6207,44
6208,44
6209,42
6210,44
6211,44
6212,44
6213,42
6214,46
6215,46
6216,46
6217,46
6218,46
6219,46
6220,46
6221,46
6222,46
6223,46
6224,46
6225,46
6226,46
6227,45
6228,44
6229,46
6230,46
6231,46
6232,46
6233,46
6234,46
